-1,-1,-1,-1,-1,-1,-1,-1,-1,-1,-1,-1,-1,-1,-1,-1,-1,-1,-1,-1
-1,-1,-1,-1,-1,-1,-1,-1,-1,-1,-1,-1,-1,-1,-1,-1,-1,-1,-1,-1
-1,-1,-1,-1,-1,-1,-1,-1,-1,-1,-1,-1,-1,-1,-1,-1,-1,-1,-1,-1
25.8012,-1,-1,44.7058,-1,-1,33.4367,-1,-1,-1,-1,-1,-1,-1,-1,-1,-1,-1,-1,-1
-1,-1,-1,-1,-1,-1,-1,-1,45.6844,-1,-1,-1,-1,-1,-1,-1,-1,-1,-1,-1
-1,-1,-1,-1,-1,16.2069,36.0383,36.9829,-1,-1,-1,-1,-1,-1,-1,-1,50.7952,-1,-1,-1
-1,-1,-1,-1,-1,-1,-1,-1,-1,-1,-1,66.8139,-1,-1,-1,-1,-1,-1,-1,-1
-1,-1,-1,-1,-1,34.2382,-1,-1,-1,-1,-1,-1,-1,-1,-1,-1,-1,-1,-1,-1
-1,39.1769,-1,75.0869,-1,47.8307,-1,68.3168,-1,26.541,73.5499,20.8411,-1,11.3356,-1,-1,57.9348,8.60583,42.6779,46.0075
-1,-1,-1,-1,-1,-1,-1,-1,-1,-1,-1,-1,-1,-1,-1,-1,-1,-1,-1,-1
-1,-1,-1,-1,-1,-1,-1,-1,-1,-1,-1,-1,-1,-1,-1,-1,-1,-1,-1,-1
80.2931,-1,32.0563,-1,44.6909,-1,109.688,44.5515,-1,-1,-1,-1,-1,35.6943,71.8371,50.3921,42.4388,-1,-1,56.4448
34.2868,12.8717,-1,-1,-1,-1,-1,61.5783,-1,-1,72.5071,9.18413,-1,41.0108,34.9148,38.6153,49.5093,-1,-1,54.6771
23.2609,-1,50.8488,43.8804,-1,-1,-1,-1,21.9968,2.08425,-1,-1,-1,8.65594,47.4304,-1,45.4841,48.1743,-1,-1
66.0563,50.3802,-1,-1,-1,-1,55.2839,-1,-1,-1,55.5095,49.7983,52.0904,-1,56.4453,-1,-1,-1,-1,61.1018
-1,45.6632,-1,-1,51.0653,92.4964,-1,79.2864,63.9866,30.7567,62.3931,-1,-1,-1,57.5675,-1,68.1741,-1,40.8524,44.5581
-1,-1,-1,-1,-1,-1,-1,-1,-1,-1,-1,-1,-1,-1,-1,-1,-1,-1,-1,-1
-1,-1,-1,64.6233,52.3064,-1,10.81,-1,-1,57.7488,9.54279,54.1086,30.2362,55.7711,-1,70.016,53.9535,50.1641,63.0449,-1
-1,-1,-1,-1,-1,44.8497,-1,-1,-1,42.3851,35.4667,-1,58.1811,-1,-1,62.9105,-1,-1,37.8204,41.2733
-1,-1,67.9836,-1,63.9437,-1,30.1746,41.374,49.537,-1,55.3091,69.9477,53.2754,20.2962,-1,57.6757,-1,46.7437,-1,-1
-1,9.96861,-1,-1,46.8659,-1,43.0513,-1,-1,47.6083,-1,88.6511,-1,-1,-1,-1,64.4435,-1,-1,-1
47.2921,23.1259,-1,-1,43.9096,-1,40.3427,55.0236,73.3377,57.415,60.2758,-1,49.6091,49.6628,-1,-1,-1,-1,-1,45.8223
98.6771,-1,-1,68.9312,-1,-1,43.1966,65.0283,23.5504,-1,-1,65.0957,75.1553,-1,-1,-1,56.0471,-1,45.9106,44.3645
-1,32.9597,3.01276,86.0784,-1,-1,67.8567,-1,-1,-1,11.7855,-1,-1,-1,60.8986,-1,-1,12.3915,-1,39.8181
-1,-1,46.6902,37.9972,55.6177,-1,-1,-1,98.9397,3.10258,44.8302,24.5819,34.2548,-1,4.99732,-1,-1,47.1866,-1,-1
47.4437,59.6321,52.1173,-1,68.8982,-1,72.2237,50.4095,59.2087,93.6324,-1,28.3721,42.6044,-1,74.4192,-1,60.8903,35.3167,-1,-1
-1,-1,84.5115,13.9735,4.62565,-1,36.947,57.3517,46.4179,57.9213,44.4258,45.966,-1,49.6848,-1,-1,32.5605,65.6976,68.7827,-1
59.8963,-1,55.5246,39.0454,-1,-1,-1,-1,-1,50.5545,-1,54.3779,55.4399,48.8825,62.3566,57.7962,46.8168,-1,43.2552,64.0064
34.4278,43.6536,65.4757,104.538,-1,-1,-1,-1,-1,14.6412,25.8628,-1,27.9782,-1,-1,65.8862,-1,39.9213,39.3174,-1
-1,-1,-1,-1,-1,47.6785,-1,-1,-1,-1,53.036,-1,44.5859,58.8115,29.6817,65.1037,-1,-1,65.5197,56.5602
83.1727,-1,96.5717,-1,-1,-1,-1,45.1219,-1,56.3874,38.8406,-1,39.4195,107.15,7.38624,-1,49.6896,67.7066,30.4696,-1
-1,-1,-1,-1,-1,-1,-1,-1,-1,-1,-1,-1,-1,-1,-1,-1,111.519,-1,-1,-1
81.0069,-1,53.4267,-1,-1,63.421,-1,-1,55.8977,56.405,-1,-1,70.5722,-1,-1,42.7619,54.6275,58.063,-1,-1
82.9067,-1,96.4368,-1,-1,44.7536,56.9748,-1,34.6902,73.0996,-1,-1,57.7233,-1,-1,59.3431,59.0548,-1,-1,-1
-1,-1,-1,-1,-1,-1,-1,-1,-1,116.436,-1,-1,-1,-1,-1,-1,-1,-1,-1,-1
-1,47.1796,102.305,23.1106,6.25605,-1,29.1651,48.2076,30.9781,-1,-1,30.999,49.024,83.0358,47.6205,9.0125,-1,45.492,65.2124,-1
103.548,42.4194,55.5063,-1,71.6665,-1,-1,51.2721,38.2756,18.934,-1,-1,29.0805,72.3162,62.1161,3.85461,-1,-1,70.6237,99.7662
109.309,75.1452,59.9669,83.6962,6.21884,46.6466,-1,50.3375,53.0669,57.5424,59.0571,-1,56.4124,18.5129,-1,34.5308,-1,-1,105.822,76.0815
56.1882,-1,33.0243,-1,-1,-1,53.5776,-1,-1,45.4247,48.1931,34.21,16.8687,112.367,50.9155,68.0508,-1,44.3996,-1,-1
26.0672,59.4004,-1,-1,-1,-1,-1,-1,-1,-1,-1,114.147,50.2018,57.7953,41.6541,-1,30.7188,41.1137,-1,-1
-1,49.2097,-1,52.7709,55.9577,-1,31.9173,-1,31.7062,35.2604,-1,44.0111,66.1545,48.6422,-1,108.695,-1,45.7962,89.1871,-1
-1,61.4425,-1,104.852,-1,56.0319,58.32,41.6187,-1,-1,52.2928,51.5844,-1,62.7004,54.399,-1,48.5685,57.0419,-1,-1
53.6094,-1,65.8453,-1,-1,-1,54.7755,-1,44.6783,-1,-1,-1,-1,-1,-1,-1,43.3852,45.3789,47.5283,-1
-1,90.5001,-1,-1,34.3599,-1,-1,9.32887,15.7144,-1,-1,46.4037,-1,-1,69.7674,-1,-1,-1,54.6257,-1
-1,-1,-1,14.954,-1,-1,-1,-1,41.6112,58.8219,-1,-1,43.0086,54.6153,-1,14.6706,-1,-1,45.452,72.4458
37.92,48.6921,-1,84.6399,64.9513,-1,-1,27.8449,54.1921,54.7398,-1,-1,-1,42.8845,-1,5.91926,-1,51.7006,-1,39.1675
47.3562,58.9361,-1,-1,-1,-1,29.8885,-1,-1,-1,-1,-1,-1,-1,-1,31.1535,-1,-1,-1,44.8008
-1,46.7253,-1,53.2256,-1,-1,-1,-1,-1,42.2453,57.0054,-1,76.1789,62.6072,-1,-1,10.5353,4.44033,-1,-1
48.0795,-1,102.443,42.1243,31.8822,-1,62.139,-1,-1,20.2282,-1,42.8658,56.9366,50.5137,-1,-1,-1,116.272,-1,-1
-1,-1,82.1502,62.8669,67.8894,-1,-1,-1,44.835,-1,65.2927,-1,55.8152,56.3459,41.8972,-1,77.3626,-1,-1,49.4156
46.2277,-1,-1,91.0677,62.9711,-1,85.0209,32.6504,-1,-1,48.721,88.813,-1,56.2591,45.1476,54.8408,111.156,46.2228,82.1212,45.6797
-1,-1,-1,-1,112.335,90.7215,-1,6.89041,40.2441,47.7551,-1,57.3884,42.9714,-1,-1,53.6504,-1,-1,-1,61.9349
-1,50.7686,43.0185,116.478,20.1802,-1,-1,121.545,41.7751,-1,22.3164,44.3974,37.3669,-1,-1,42.8714,28.7334,-1,46.5677,36.4962
-1,67.4659,40.7109,-1,45.2918,17.7511,-1,-1,29.5004,39.778,77.3468,38.3725,-1,42.4775,38.6695,20.8209,-1,-1,53.2957,-1
28.6926,-1,-1,51.2452,-1,50.0809,-1,-1,49.7413,-1,14.6267,53.5216,-1,-1,57.0964,-1,-1,21.061,-1,2.25114
-1,-1,60.8332,11.9627,54.2608,60.3596,51.1591,43.7651,-1,61.0843,-1,-1,119.024,70.508,-1,60.4995,-1,51.9204,42.6721,56.0975
-1,11.0621,-1,43.8732,73.5277,-1,-1,70.8184,-1,68.4683,46.5265,-1,-1,-1,-1,-1,-1,-1,67.5865,41.6673
-1,-1,-1,37.2792,-1,45.0752,47.2704,-1,-1,73.723,-1,43.7084,-1,15.5537,-1,61.3345,-1,-1,24.2979,14.1864
-1,-1,-1,-1,-1,-1,44.588,-1,68.3777,63.2324,-1,31.1864,-1,94.7819,-1,120.616,49.6375,-1,15.9509,-1
-1,119.343,28.1189,-1,38.9143,79.0872,-1,-1,34.3295,41.621,-1,39.8949,-1,-1,-1,-1,19.779,58.0507,-1,-1
18.4746,20.2724,-1,84.4465,-1,-1,62.5507,-1,-1,50.7536,48.8238,-1,-1,37.332,20.5132,-1,-1,-1,54.4331,32.9053
-1,42.383,-1,-1,-1,-1,41.8855,-1,-1,57.3784,-1,-1,-1,43.9189,-1,-1,72.1085,-1,-1,-1
34.9672,-1,-1,-1,-1,55.0259,-1,-1,-1,45.4006,-1,43.096,-1,64.9495,43.3443,-1,-1,46.9341,-1,-1
-1,88.679,-1,102.641,25.2687,53.8458,-1,-1,-1,-1,-1,23.3089,-1,-1,-1,-1,-1,-1,-1,41.6721
88.7751,45.9119,66.5662,-1,24.7447,-1,49.9881,35.4575,75.4925,51.8405,18.2743,24.6135,-1,40.6161,39.1188,99.0991,10.4821,-1,-1,45.9366
-1,-1,55.8453,-1,-1,-1,37.9098,56.0149,14.7809,49.0716,-1,-1,-1,-1,-1,-1,-1,49.6433,44.6287,46.2375
-1,58.124,122.525,-1,45.8889,56.1383,39.8881,-1,-1,90.7068,-1,-1,21.5837,-1,-1,-1,-1,42.8461,-1,-1
-1,-1,-1,123.056,-1,-1,-1,-1,-1,-1,-1,-1,-1,-1,-1,-1,-1,-1,-1,-1
91.1946,-1,-1,-1,-1,-1,-1,-1,-1,-1,79.7225,39.9491,37.7589,-1,28.0068,-1,-1,44.0964,100.953,46.2004
51.7213,-1,23.0136,48.8538,30.3473,53.5914,-1,-1,-1,-1,32.7762,-1,-1,-1,39.2108,-1,44.9634,43.6263,67.8053,50.1392
-1,-1,34.0926,43.0225,59.1396,-1,-1,40.7904,-1,66.4146,-1,58.2783,-1,-1,50.1114,97.0037,36.5357,73.2526,52.8558,47.3717
-1,-1,43.1969,-1,4.45907,36.5317,124.686,14.6766,-1,29.9195,3.15182,74.2547,-1,38.8509,-1,67.5009,-1,-1,61.6384,48.8217
55.0091,-1,43.5865,51.7395,43.1703,26.5072,10.8637,100.636,43.8583,-1,-1,-1,51.1805,44.7485,2.48074,-1,-1,51.1267,-1,48.9362
-1,27.4392,-1,54.4382,48.2531,14.4551,-1,-1,63.3245,-1,49.3205,51.4562,63.06,64.0164,-1,-1,35.6825,54.1292,-1,58.2474
4.76728,-1,-1,41.9698,51.4023,-1,-1,22.4387,48.9202,12.3236,48.6589,-1,51.5855,-1,40.5029,-1,-1,66.1595,71.3227,44.2712
94.5843,-1,51.3571,-1,-1,110.329,47.2056,-1,58.156,68.7466,44.738,-1,-1,25.8893,42.5942,-1,-1,-1,-1,-1
122.295,-1,-1,-1,47.0136,-1,42.4802,-1,21.0059,105.94,-1,22.5139,-1,50.9289,-1,-1,-1,76.3982,-1,42.1936
87.395,9.48587,42.3006,86.1415,-1,-1,22.9439,55.8499,50.6794,47.9055,-1,70.0334,5.48863,33.9686,-1,18.662,49.7411,53.968,-1,-1
66.3739,50.168,42.6044,58.402,-1,50.5334,43.0788,38.3406,31.5761,-1,-1,-1,40.5807,36.8606,-1,45.6189,-1,56.0107,-1,102.868
35.9832,17.0641,-1,-1,-1,96.8572,-1,-1,-1,-1,74.66,-1,-1,55.4618,-1,43.401,-1,101.126,69.2915,10.4945
-1,84.3297,55.7003,-1,-1,27.6812,-1,-1,17.1373,46.2705,45.5288,-1,-1,48.4181,-1,-1,82.4409,-1,-1,44.5861
-1,51.7567,64.5025,49.5295,46.3205,-1,-1,55.8582,47.4302,49.4055,73.5647,52.211,-1,44.5724,-1,54.6271,118.196,-1,42.5801,50.764
98.2696,-1,-1,19.1728,-1,60.9635,30.9228,115.507,4.24476,12.5579,54.7496,65.3482,-1,59.4432,-1,-1,20.396,79.6323,98.5331,-1
84.3127,53.4836,40.0984,-1,64.4839,-1,11.0577,21.6155,84.8293,43.2248,-1,54.8047,53.2729,52.1652,-1,5.81534,41.5111,-1,-1,43.612
47.4366,50.7922,-1,63.0553,-1,-1,-1,53.3938,114.257,-1,-1,48.4657,25.3616,71.9466,-1,39.4679,41.3245,31.6871,-1,52.091
43.0702,22.2931,-1,61.2747,-1,-1,53.4805,-1,54.1444,-1,-1,-1,11.0877,96.5755,-1,104.741,-1,46.0177,80.3796,6.83008
-1,-1,-1,46.3504,-1,-1,-1,-1,51.5793,47.3267,-1,-1,49.4609,-1,13.9228,113.555,62.3112,-1,92.5903,59.9945
-1,-1,-1,34.6042,-1,-1,20.6844,-1,-1,-1,-1,-1,86.0461,62.8479,45.2178,50.4744,3.8732,34.6179,35.8835,-1
39.0166,57.3915,10.7288,53.2444,35.7682,-1,-1,90.8691,-1,39.589,44.4036,47.1648,-1,-1,-1,49.9956,54.7698,-1,53.9509,12.9369
44.9429,126.236,60.972,61.683,-1,57.0401,43.2707,103.364,-1,18.9475,51.5001,19.0868,22.9202,-1,-1,124.078,56.9918,-1,53.0015,-1
43.3373,-1,126.081,95.0147,44.1723,63.6715,-1,17.2665,-1,60.9694,-1,64.7516,-1,39.4757,42.7836,72.4108,42.1722,-1,54.2729,53.6864
67.8282,-1,-1,35.1683,-1,-1,47.958,83.8865,19.1616,-1,126.288,125.345,-1,40.3111,50.7099,-1,47.2574,59.9345,-1,94.2667
-1,50.182,-1,93.7905,74.7441,-1,-1,64.125,-1,51.0938,50.463,-1,-1,-1,53.8204,-1,-1,53.061,70.9467,42.512
38.0806,-1,51.2717,55.1941,70.4253,-1,44.4248,-1,48.7449,58.8008,79.7863,112.995,-1,-1,-1,68.8302,-1,-1,-1,-1
-1,-1,-1,44.5808,-1,-1,-1,-1,51.027,28.1571,84.2222,51.7415,-1,21.8039,83.3555,41.0606,63.0366,-1,-1,-1
-1,124.525,-1,-1,99.0901,67.7122,-1,50.1074,57.829,-1,49.8278,-1,-1,-1,46.135,-1,56.5099,-1,10.9591,-1
-1,53.9092,72.9883,-1,-1,-1,-1,48.3994,-1,15.6089,-1,39.0454,-1,-1,19.5225,55.3929,-1,38.4584,99.8274,-1
30.9045,-1,109.746,-1,-1,-1,-1,57.5901,111.09,62.0008,76.7212,-1,-1,11.9806,43.1163,-1,53.2979,48.3671,42.7112,-1
113.743,-1,65.9736,58.8582,-1,-1,-1,56.4225,99.2639,-1,52.0082,55.6852,-1,34.9989,52.5608,52.1041,-1,125.667,69.824,51.0999
46.9894,-1,-1,111.703,-1,36.2722,-1,44.3711,71.7736,35.9229,-1,-1,6.81966,-1,-1,42.5885,40.2036,2.58375,-1,53.1995
57.6943,45.8865,-1,-1,-1,30.4349,30.574,-1,58.6553,121.642,10.9205,64.7835,-1,51.8802,-1,5.07349,-1,44.6106,-1,-1
-1,45.2258,15.4866,23.1045,-1,51.0796,24.434,-1,46.0585,57.3088,80.6001,-1,-1,67.9591,-1,6.60735,-1,7.79393,56.0998,-1
-1,44.5513,42.9604,7.68461,31.2624,56.9542,42.6657,57.2459,81.0453,60.3927,98.0687,-1,69.9174,-1,38.3972,-1,30.7777,-1,49.4389,36.2806
52.1581,58.3829,-1,-1,-1,57.1082,32.5137,-1,-1,-1,68.7498,45.3115,-1,-1,54.3445,-1,32.2881,48.6736,55.5338,-1
73.0957,70.3521,19.5099,53.8053,-1,-1,40.8453,43.2932,-1,35.9396,118.98,42.2368,48.2578,-1,15.4961,-1,-1,-1,53.4228,75.7776
-1,22.1147,34.5434,61.7589,42.2307,46.5216,51.8313,40.0796,-1,-1,46.7677,15.3099,-1,-1,41.7641,-1,76.8916,30.3966,-1,116.877
47.3605,-1,24.9767,47.965,66.3587,53.283,-1,41.6519,-1,38.2827,49.5883,41.5483,-1,45.3528,55.456,55.6623,-1,-1,-1,38.1376
-1,48.1458,18.173,67.0855,30.6887,35.8232,125.587,57.4753,52.0945,37.6152,7.26194,78.3731,-1,37.5657,54.4534,71.9124,45.1791,-1,35.243,-1
50.2386,-1,-1,35.2864,-1,76.7732,-1,57.2344,-1,109.857,-1,-1,61.1441,3.11647,56.0067,21.3349,43.7117,-1,-1,38.3946
-1,56.4031,-1,-1,-1,78.9626,51.9797,2.65535,57.1399,30.4841,-1,66.9721,66.8903,-1,-1,111.224,67.3298,-1,1.9205,-1
-1,-1,-1,-1,-1,40.0128,58.5796,50.1187,50.2803,108.852,58.7824,5.89372,45.059,19.5742,5.01263,55.4709,77.011,48.0444,54.8239,-1
-1,-1,-1,59.4515,33.3325,99.3085,53.6609,58.8275,81.5582,59.5204,113.791,-1,52.8767,56.7012,-1,-1,73.9662,47.3221,43.7495,50.886
42.2028,54.589,65.8747,54.4886,29.9288,49.3644,62.2893,31.8833,47.8568,66.5167,117.577,49.587,-1,48.4047,-1,58.4834,-1,53.4215,-1,63.9913
48.4948,-1,45.4065,-1,-1,-1,105.234,59.7923,-1,-1,-1,67.8489,-1,49.2517,25.3757,59.6273,-1,43.8638,-1,52.5694
53.955,-1,53.7503,-1,58.7669,125.827,21.2936,41.2457,22.026,50.8439,62.9156,-1,-1,59.1896,115.618,-1,59.0028,10.6021,-1,-1
59.2745,66.0349,43.7234,-1,30.9704,-1,-1,-1,-1,67.4362,40.5842,44.7106,-1,46.5558,-1,20.4924,-1,-1,16.4773,44.1025
-1,55.7729,38.0555,26.8942,50.6808,54.4354,126.247,-1,-1,-1,99.0025,16.7295,51.6237,37.3904,48.2631,-1,45.7122,-1,40.1186,-1
-1,-1,49.9835,46.5855,21.1398,20.6865,62.6699,-1,59.1557,39.8968,-1,26.3597,57.4928,13.2868,58.5498,55.4693,-1,41.0744,56.8432,35.4824
-1,-1,-1,71.2992,-1,15.1961,86.7607,-1,-1,-1,-1,54.7304,43.3886,53.5307,94.9882,93.2165,-1,-1,-1,55.2187
64.7455,38.6326,-1,70.2168,-1,81.1981,110.766,50.4061,-1,32.5854,73.7783,56.834,61.2574,35.385,-1,32.6408,-1,2.31282,46.3014,97.5426
84.7262,73.5795,43.6096,-1,62.1786,45.6789,68.3381,61.1331,79.8412,40.2501,34.0335,-1,-1,99.7812,-1,126.4,60.0228,45.2637,43.4554,93.6542
-1,30.908,-1,8.53807,111.28,11.7794,39.7505,62.4598,-1,42.0082,-1,56.8213,107.817,-1,-1,28.006,32.6062,63.9252,45.8512,18.7367
-1,-1,50.9969,45.622,50.9991,78.5718,59.1876,-1,53.0799,51.6228,-1,-1,52.5666,-1,57.4461,125.317,-1,47.834,-1,-1
120.039,93.1294,87.6489,59.9959,55.4607,-1,43.4387,40.3344,50.3973,23.0108,-1,87.8267,5.07291,55.2464,-1,57.8919,18.756,7.88592,-1,-1
50.3645,-1,20.7914,-1,-1,74.0951,13.2829,38.717,-1,40.3042,63.2111,-1,34.0637,-1,-1,45.0661,44.1654,-1,-1,77.1732
40.2453,59.8334,46.6667,-1,49.6222,126.395,11.1257,-1,75.2885,-1,39.8711,24.6532,-1,102.502,11.1715,14.5311,-1,62.6026,-1,38.0043
-1,39.792,-1,-1,78.2119,44.5668,56.6165,28.3189,47.2957,65.2146,-1,106.001,-1,56.3455,56.051,-1,6.65801,-1,85.0332,9.76244
28.2025,47.4109,-1,50.0578,114.934,-1,69.1295,58.6444,29.2541,-1,41.4203,34.4448,-1,43.501,53.4943,-1,46.4168,-1,-1,-1
45.7862,59.0141,54.8969,63.4916,81.7724,-1,44.5427,50.9273,125.847,49.8547,46.6455,36.7344,74.8433,-1,-1,109.912,45.2047,-1,47.4044,68.3875
-1,80.1456,18.9959,-1,43.7938,-1,57.1293,46.7729,57.278,18.7773,-1,41.7717,56.5347,52.9787,-1,53.999,24.476,-1,58.164,54.9769
-1,64.2807,60.2317,106.133,-1,-1,96.6427,46.3813,112.392,-1,-1,61.0853,-1,42.6009,-1,55.5818,32.137,39.3927,-1,102.996
24.625,80.1459,41.972,53.3731,-1,40.7887,122.035,8.07765,45.7492,-1,37.5599,-1,8.50511,-1,-1,55.6788,-1,57.9617,45.6658,-1
43.1737,-1,-1,-1,-1,69.2418,115.231,-1,61.0816,-1,6.36984,79.507,-1,36.1845,114.089,42.4428,-1,-1,23.0068,60.969
53.0775,-1,-1,46.9635,50.089,-1,-1,43.2163,-1,39.589,46.1086,36.5121,57.8472,28.3484,43.8571,45.2021,-1,73.1961,-1,72.6855
-1,42.6384,46.369,110.549,84.9137,-1,89.5234,-1,60.5434,39.1956,-1,14.7576,46.1381,53.8625,37.7582,48.3659,-1,-1,20.8023,9.95347
80.6828,-1,62.9668,34.0758,126.222,33.2029,-1,-1,-1,43.1847,53.5457,70.2566,88.9527,58.3209,89.2659,47.4259,50.373,49.1517,-1,36.38
64.0782,-1,-1,62.392,-1,12.6091,-1,51.9357,3.33065,-1,35.0984,33.6623,66.0637,56.3941,48.5321,-1,69.6998,46.042,51.6633,46.1432
-1,108.254,-1,44.6367,28.5184,-1,43.7709,40.3348,51.8101,70.8522,39.542,47.3553,-1,-1,30.5084,44.3346,-1,44.7685,34.8802,47.9588
-1,46.5329,47.8172,-1,45.3241,-1,38.544,-1,-1,37.6796,54.507,18.1271,93.8605,24.199,-1,-1,52.2596,84.4441,-1,-1
70.6334,-1,-1,-1,17.7831,43.4232,53.6652,39.5374,54.6087,-1,2.75591,52.703,59.8043,-1,33.5744,45.1068,26.401,-1,57.2342,29.5814
-1,32.0745,109.491,50.9992,-1,50.4451,40.3922,-1,39.2468,-1,51.9533,60.8384,67.1731,45.169,46.0542,-1,58.8566,31.2996,50.013,42.2778
-1,52.8927,105.709,47.7676,43.6137,43.0596,68.3543,42.7352,-1,46.2399,41.1768,-1,-1,18.6437,-1,-1,52.2673,55.8769,71.5373,32.533
73.215,-1,86.6653,-1,51.6744,-1,-1,56.6193,51.6326,-1,47.6068,-1,35.7967,94.6947,7.18239,49.454,6.25449,-1,126.398,-1
51.5982,-1,124.66,115.767,-1,-1,-1,5.40561,62.5776,-1,-1,44.4076,-1,44.1292,-1,45.6831,58.8767,27.2693,22.2087,45.041
3.01412,-1,53.3845,119.574,-1,103.49,70.5172,42.1018,36.3755,-1,-1,59.7186,-1,46.7805,83.1066,-1,67.6579,-1,109.201,48.6756
33.2452,17.8871,49.0427,53.3268,70.9103,52.6538,-1,-1,-1,-1,68.8447,49.7556,-1,45.284,-1,-1,-1,-1,-1,82.0762
-1,43.2595,35.1758,59.7778,-1,-1,-1,34.0671,42.2095,-1,105.374,49.6532,-1,71.3858,39.7486,-1,63.2084,-1,39.5278,42.9123
48.4581,16.8019,6.34827,56.9789,33.6528,-1,-1,42.1928,-1,75.054,34.6203,11.3333,-1,63.5172,59.3118,76.0623,103.112,12.867,66.8144,-1
-1,57.7408,29.3274,3.955,-1,52.1276,-1,66.2526,50.9875,29.8593,63.5711,-1,21.5754,-1,50.0339,48.6234,70.8498,44.3537,71.7284,60.2162
-1,-1,56.1743,20.2702,-1,38.4473,89.2736,77.0938,54.7798,115.545,84.374,56.7892,28.6505,44.4911,110.79,53.6286,42.3645,76.2747,74.4551,-1
-1,88.1371,48.9506,36.2086,106.634,43.192,100.968,13.85,50.8143,44.3509,54.5556,45.8366,-1,-1,70.637,11.4399,11.3365,71.8635,59.3106,23.0019
58.9724,-1,52.3121,56.9474,51.4671,42.8397,52.4116,44.9848,-1,55.3682,59.8525,45.1183,-1,50.5793,98.0166,110.897,61.6754,-1,-1,-1
42.2863,-1,46.4165,47.0331,45.289,-1,-1,51.3723,64.8654,-1,40.4989,16.2766,31.93,48.2154,-1,78.7668,-1,98.4407,45.8465,44.2304
-1,27.2675,-1,-1,36.8508,-1,65.4109,54.6515,-1,52.9579,48.0962,115.378,52.0375,-1,99.518,117.109,6.25816,34.6916,39.4866,-1
-1,-1,49.8533,-1,66.6436,-1,46.46,-1,54.0545,-1,-1,114.236,62.9421,-1,-1,41.4586,-1,52.2002,44.5187,36.8365
61.0569,-1,34.0212,13.1244,-1,-1,43.1032,41.9934,126.265,63.1283,-1,52.5183,-1,59.1459,64.966,-1,-1,-1,-1,-1
-1,-1,57.9656,112.466,43.8308,28.202,-1,-1,91.6074,-1,-1,42.3738,-1,42.5697,54.0998,54.0182,-1,46.7918,43.452,47.8753
-1,73.5185,73.8945,8.70896,123.652,-1,48.8108,38.7771,-1,-1,58.4616,43.1492,34.9198,22.1454,35.345,47.4894,-1,50.6951,58.0695,50.9314
83.0228,-1,25.4479,-1,-1,-1,-1,42.9081,-1,47.1563,73.6983,28.2199,44.8624,-1,-1,-1,43.1319,84.6389,48.7196,-1
-1,49.2595,-1,89.9714,53.0328,-1,-1,-1,46.4014,56.555,-1,-1,62.1516,36.7359,-1,-1,-1,111.895,46.7894,-1
47.5485,50.7596,-1,90.5196,1.58392,-1,-1,50.2732,49.9778,-1,54.6169,-1,48.6919,43.2277,-1,8.91756,-1,-1,53.9732,-1
125.314,58.0619,94.1247,47.5027,42.4811,-1,-1,14.4493,-1,-1,53.7682,-1,49.8442,-1,71.7949,-1,-1,21.1784,73.7075,66.8262
103.461,42.5543,54.6861,27.2353,-1,56.4835,55.4498,57.2175,47.0663,88.369,40.3771,-1,-1,22.954,104.808,56.6832,44.2906,49.5523,113.869,67.2665
53.9866,-1,-1,13.5468,51.3661,-1,72.0289,90.5564,-1,-1,117.082,83.4204,69.4488,-1,71.8484,114.065,-1,62.2237,60.3539,-1
46.2839,54.2109,49.7019,55.6906,-1,-1,-1,61.8463,52.9363,-1,21.2324,119.372,98.7209,43.2551,107.276,77.5409,37.7643,89.5513,-1,-1
45.661,58.2665,42.8787,48.4758,37.3799,72.0142,68.1281,74.7616,69.7183,-1,59.988,40.8514,89.4439,-1,41.7133,113.045,52.6864,6.77798,42.2344,59.4121
40.9085,52.7666,126.308,39.5435,57.7749,50.8057,49.1571,30.3392,24.221,71.0987,-1,42.9367,-1,-1,-1,-1,59.7967,-1,-1,53.8811
-1,56.122,103.159,75.4309,118.142,58.1621,-1,4.37716,44.3308,49.0574,107.088,107.563,-1,66.7,29.6303,-1,-1,71.3127,57.6189,108.345
-1,-1,87.1686,-1,112.029,19.8576,11.6203,-1,43.6605,-1,87.8043,122.469,53.3397,-1,-1,77.6336,63.8347,-1,84.0402,98.1744
-1,-1,35.4437,-1,61.3079,50.8851,-1,41.2348,55.0261,44.5609,55.6794,24.2465,-1,4.28006,37.8387,109.79,-1,-1,106.266,54.6113
-1,-1,58.8199,100.956,97.1427,3.93008,-1,-1,47.5282,69.6249,38.2389,26.8911,-1,-1,42.5094,45.9484,42.1364,66.4261,-1,23.8836
22.3568,-1,73.7375,76.7073,-1,44.0081,125.839,45.2969,3.56234,20.0154,52.096,-1,54.0422,-1,55.7619,-1,-1,54.1644,-1,46.4625
-1,45.392,21.8279,-1,35.4696,52.563,122.385,111.294,51.4114,-1,61.2471,-1,72.0618,-1,20.659,42.6282,-1,-1,8.09945,51.5052
66.201,14.6063,-1,-1,-1,78.4995,67.5619,106.067,62.1417,-1,34.3899,102.405,-1,-1,52.5484,47.9945,-1,53.0551,-1,-1
60.8667,-1,46.2592,-1,-1,123.746,-1,-1,36.2788,57.2206,37.3446,56.8322,53.3631,-1,73.5816,70.6127,-1,69.8222,-1,0.636355
-1,-1,-1,-1,-1,82.6789,48.0362,-1,48.785,116.001,60.7728,-1,-1,41.8228,39.8622,118.781,64.6121,84.0668,-1,-1
38.0819,-1,52.1333,-1,-1,-1,36.0574,45.8868,22.525,59.1146,60.0589,-1,71.4087,-1,-1,113.6,18.0499,49.994,-1,-1
55.6436,54.8956,56.2101,-1,-1,-1,49.3315,67.7501,-1,50.6736,124.594,-1,55.3827,-1,52.7818,2.14918,-1,-1,78.1025,-1
123.125,-1,58.9451,10.855,-1,48.162,-1,9.96914,57.8273,-1,78.821,20.1823,125.785,-1,-1,76.7854,45.5045,56.7021,94.6238,54.0478
26.6521,46.8478,-1,42.5127,15.7964,126.099,-1,47.4962,-1,-1,-1,88.2956,84.6829,23.1861,70.082,117.316,-1,-1,103.039,108.514
47.1068,105.23,125.923,-1,-1,84.7139,-1,-1,-1,124.775,51.7352,126.319,-1,57.7283,22.5607,-1,-1,40.6761,14.392,-1
-1,113.029,78.8206,43.8872,35.1067,-1,73.8202,-1,83.3597,91.244,65.5851,67.2238,58.1221,57.8529,43.2499,-1,-1,41.9097,53.163,-1
-1,-1,-1,-1,-1,45.1278,-1,53.1703,54.6414,47.569,-1,103.478,115.995,31.3555,54.3092,37.5323,62.7774,55.3844,-1,50.621
62.4851,50.1096,-1,57.3933,14.7475,-1,78.241,-1,43.708,93.3004,51.2496,45.3367,-1,43.0938,35.3343,-1,57.3343,-1,-1,53.5505
-1,2.52534,-1,57.4242,89.7801,124.539,120.607,46.4663,-1,-1,52.79,52.3679,46.2516,92.8278,15.0057,-1,-1,112.822,45.4267,-1
38.1588,95.625,-1,56.9533,115.133,70.3376,43.8343,124.96,-1,-1,-1,-1,73.8539,34.2107,-1,-1,-1,88.0428,37.1116,16.1867
-1,82.7094,-1,49.7121,92.086,-1,54.2498,42.0849,-1,55.4219,89.5918,67.1589,43.6362,75.868,50.6554,94.5341,-1,54.1244,-1,-1
50.6131,69.2635,48.5927,-1,117.093,58.7065,-1,-1,51.5696,72.0168,108.193,45.5443,-1,-1,41.791,-1,44.7691,36.1169,-1,12.724
-1,-1,43.1329,56.9698,75.0954,55.9656,122.96,57.6306,59.1513,-1,-1,42.0504,29.3237,60.39,64.1171,-1,83.4204,72.1613,31.3988,-1
-1,35.9636,45.832,37.016,-1,-1,-1,86.8844,56.1843,-1,-1,-1,41.2324,65.9736,95.8344,41.5924,121.689,45.9353,48.3154,47.6485
121.545,-1,73.4164,-1,66.8876,-1,79.7856,98.0752,-1,-1,-1,27.9388,45.5688,45.7603,71.9563,90.1723,123.879,-1,8.53696,62.2986
-1,62.2101,68.5842,-1,-1,41.3835,56.5745,123.31,15.5519,104.646,59.898,48.7295,59.2073,-1,-1,77.4106,-1,9.75581,125.092,50.3305
44.2832,116.959,63.5041,41.5952,43.5856,-1,41.3912,17.6205,-1,75.6591,60.536,18.1194,72.1005,116.863,-1,51.4979,-1,44.5743,51.8297,-1
-1,114.894,-1,118.766,113.65,38.1861,123.101,-1,29.379,50.8967,102.252,46.5379,57.6541,96.7222,64.7511,-1,-1,43.1223,54.5969,51.9385
16.5842,-1,36.3346,58.999,31.5569,-1,121.786,-1,-1,50.6973,70.6464,-1,59.5718,108.274,121.337,32.3735,122.992,123.83,98.766,-1
29.4159,102.998,61.6886,55.6457,-1,50.8278,124.759,60.6907,11.3551,123.745,62.367,122.662,-1,40.5889,70.4976,128.1,125.726,126.515,-1,-1
-1,118.981,43.9072,55.2834,-1,126.91,40.6652,92.6193,52.2885,71.7095,123.165,42.2068,55.696,-1,28.8225,60.472,45.4423,128.879,-1,70.4309
-1,55.332,44.5625,53.8716,114.9,125.764,-1,-1,-1,77.8981,70.0852,103.199,-1,38.5642,57.3956,114.284,112.13,-1,57.5099,-1
22.0701,8.83855,127.756,54.5822,128.918,126.053,-1,41.2959,-1,64.0352,42.1573,-1,-1,-1,124.496,40.0193,112.907,66.152,121.895,-1
-1,27.5749,-1,-1,99.7381,-1,56.4976,76.1764,73.8365,75.9928,56.8476,76.1135,-1,-1,128.724,-1,40.9554,128.725,33.1159,48.1026
-1,-1,89.5736,28.2936,56.7309,-1,113,74.1384,52.1262,-1,-1,-1,-1,-1,42.8488,110.255,-1,-1,53.7888,72.1399
47.9511,60.5603,108.827,46.2518,64.6772,-1,87.3668,123.84,40.0912,55.0435,19.5623,20.5245,54.7853,5.53918,45.4879,17.4488,49.5627,-1,-1,-1
-1,-1,124.708,48.2143,-1,83.3167,43.1595,85.9688,-1,-1,114.119,-1,37.0391,57.4371,-1,-1,71.7586,33.4322,17.1934,55.078
121.654,48.4943,95.7658,32.1475,125.778,44.0783,46.3692,-1,59.1767,57.363,72.9394,-1,-1,67.2621,-1,69.1329,-1,-1,93.5747,47.218
64.416,29.9313,124.253,46.1035,-1,44.5449,-1,30.5668,51.7778,21.9368,48.5294,50.9855,28.8545,32.0376,-1,55.449,63.8971,74.1232,110.449,31.4677
57.8541,-1,125.057,50.7864,79.2662,-1,-1,73.7243,-1,111.753,54.4115,11.2202,-1,-1,53.9569,-1,-1,54.5534,101.411,43.95
33.1193,52.4578,41.7149,44.4397,111.66,118.353,88.2872,79.1216,121.321,-1,52.0166,-1,128.068,-1,36.6509,-1,54.2979,46.592,128.515,124.206
52.1891,13.3771,57.333,76.175,118.113,125.41,89.2319,6.82807,29.3713,53.6885,45.2208,35.726,-1,-1,80.8826,-1,61.9722,101.927,124.306,97.2172
75.461,63.6853,58.3044,-1,-1,123.268,-1,91.2756,-1,-1,-1,58.2,54.6325,113.514,39.4065,119.153,-1,49.7095,-1,90.4819
11.039,88.1015,104.847,115.486,-1,124.5,72.6885,113.427,44.5861,-1,55.5769,55.397,96.4195,107.564,-1,-1,-1,42.506,-1,59.8992
28.836,57.3611,78.2509,-1,62.4894,82.8389,-1,60.2129,104.911,67.437,28.5373,51.3512,81.636,95.7051,-1,-1,72.5075,-1,-1,-1
49.5058,-1,115.872,71.9655,93.8936,126.383,95.1034,43.7672,53.808,119.906,61.0805,47.8036,43.7244,42.56,57.7992,52.0967,-1,76.7307,23.9713,90.0832
-1,29.2718,103.273,58.2946,57.1059,42.137,41.2066,80.655,55.7076,-1,42.1646,-1,120.726,51.8609,-1,42.6582,-1,72.5495,54.2987,57.311
50.0599,-1,105.661,120.691,55.6514,-1,56.6449,128.927,-1,62.3567,80.9976,62.5602,-1,119.549,42.641,121.577,8.83372,128.08,-1,77.21
51.8547,41.0841,57.8204,121.265,61.345,-1,97.5988,67.0901,109.886,-1,117.742,46.9503,41.8037,98.8768,128.087,121.625,-1,-1,32.786,105.301
49.7216,-1,41.9919,74.0689,85.8694,53.5926,-1,53.6092,130.198,-1,128.204,-1,-1,100.912,-1,127.065,-1,49.4015,40.4864,101.339
94.0723,52.383,-1,124.644,59.941,14.1903,-1,44.6484,-1,-1,89.2763,127.865,8.83737,54.9543,53.7045,114.331,-1,46.0022,60.8289,127.74
23.4114,24.6673,60.0267,45.0252,-1,104.992,77.8326,-1,-1,-1,24.7155,9.47273,-1,-1,-1,94.4171,60.1604,-1,55.4651,76.438
-1,-1,93.2591,-1,96.6181,73.1166,-1,22.82,113.367,-1,110.011,57.5204,98.3575,35.5767,131.031,40.6985,33.4923,46.8156,-1,36.4639
52.2644,50.6364,130.046,98.1499,42.6349,-1,103.53,118.352,130.911,128.491,60.4646,46.6744,119.882,110.391,80.078,124.693,116.966,111.367,130.444,38.5171
121.04,55.9447,130.328,46.9006,16.216,47.0808,46.5329,62.8443,120.851,-1,40.4289,109.991,-1,68.8019,-1,-1,130.684,82.4466,-1,73.0383
-1,83.7202,-1,-1,-1,-1,115.679,17.4203,123.457,82.0357,114.094,38.7627,86.1678,-1,107.637,-1,131.065,43.0696,-1,126.471
90.5823,122.082,-1,-1,-1,43.5751,106.542,65.3367,126.448,52.4172,127.199,5.63569,120.138,38.6372,-1,50.2361,-1,-1,-1,55.0582
130.933,40.5809,47.3239,75.0577,57.4423,118.956,120.173,117.228,114.63,-1,52.861,47.7027,40.4857,-1,45.0624,-1,23.9534,56.0206,48.1635,-1
76.7643,42.3148,97.9713,46.977,111.631,54.2695,5.43863,130.914,127.833,105.181,82.4285,111.254,89.0402,55.698,121.994,71.8271,45.5944,129.642,129.136,-1
84.1087,-1,130.876,26.5142,129.343,56.02,70.0646,79.4119,44.781,59.6764,60.2966,122.562,-1,61.9483,-1,130.86,61.992,-1,64.1546,-1
30.7217,63.2714,107.897,-1,108.372,129.186,122.391,54.268,60.4899,-1,57.613,43.8047,12.7094,67.1694,49.3095,48.083,-1,62.4677,53.1641,90.7131
27.559,130.373,121.227,111.266,-1,119.3,129.646,107.342,-1,40.0048,-1,44.4255,94.3388,56.9094,57.6795,68.1602,-1,123.746,-1,-1
-1,-1,124.419,130.767,91.8225,129.992,112.972,117.466,52.2275,58.2962,19.0415,67.6277,-1,19.296,68.6355,92.3448,35.6029,130.993,41.623,56.8013
-1,102.065,22.3426,20.1189,50.6389,-1,-1,96.1838,62.2229,125.575,48.4111,61.8523,45.1076,112.793,131.136,98.9362,108.433,125.502,-1,81.4049
131.126,124.187,131.121,74.649,56.7373,55.6242,50.1668,51.002,108.385,112.436,52.281,47.2282,125.216,-1,101.641,37.7696,130.932,54.49,-1,44.2041
31.6341,-1,25.7389,126.482,61.9875,106.783,107.875,83.7601,-1,3.49382,59.1499,44.7437,131.177,114.444,127.08,-1,53.9971,106.466,36.2766,113.049
122.734,100.445,116.757,18.7342,106.893,55.5884,12.2672,127.579,47.5655,46.6672,47.7063,41.065,56.869,127.051,131.326,121.041,60.4979,121.378,131.312,131.161
130.752,128.405,-1,-1,130.321,-1,68.6225,131.252,90.8636,117.941,-1,-1,113.618,122.75,-1,57.2392,65.5381,-1,14.9387,-1
-1,-1,47.083,28.8543,-1,-1,49.4224,115.879,130.805,59.9045,61.61,43.7762,109.585,124.092,118.374,37.444,-1,-1,82.7942,126.515
123.986,-1,-1,48.7615,122.007,96.6516,18.2864,131.313,-1,-1,70.7408,-1,117.085,-1,125.951,127.138,7.59956,127.002,99.5117,127.908
126.295,-1,-1,-1,-1,64.5986,-1,127.65,47.2809,83.0845,123.169,51.404,46.4276,55.3494,-1,44.9865,-1,131.326,128.226,131.262
-1,-1,91.7547,131.135,105.183,-1,131.352,121.557,-1,131.036,106.384,118.82,70.5151,-1,41.1827,79.9244,43.4006,115.151,131.283,-1
86.7678,-1,127.075,62.5273,-1,109.753,126.594,131.208,131.239,-1,127.901,-1,120.871,108.327,53.3058,126.248,12.3802,120.816,129.654,-1
-1,63.3303,131.114,121.898,53.6835,120.91,131.262,5.62007,41.781,104.153,122.685,-1,131.262,128.279,97.1794,50.0805,102.398,-1,-1,127.283
129.16,130.302,34.5418,-1,-1,53.1933,58.426,27.3522,67.1494,-1,122.361,26.7716,126.174,112.959,-1,-1,30.7186,126.517,68.2218,128.442
127.888,45.4328,77.4849,127.561,113.676,48.2001,68.1289,-1,100.155,125.375,131.35,49.0308,120.264,51.2469,-1,3.79858,52.2908,131.353,115.496,-1
131.302,-1,131.213,127.82,58.2134,12.1413,130.606,58.5049,-1,57.1358,-1,16.4725,128.409,68.7319,121.539,131.37,112.864,-1,-1,67.6913
-1,59.5257,131.368,32.7872,74.2177,46.5152,44.6289,50.2093,129.376,42.7758,129.964,92.3961,130.369,-1,122.85,-1,-1,50.3911,58.9519,128.133
18.0367,128.183,52.4574,-1,122.559,49.5829,-1,45.1807,128.756,124.236,127.349,128.051,130.891,127.409,2.54214,97.5779,43.4753,116.89,44.003,130.854
127.319,65.5652,128.721,12.3904,125.285,128.267,-1,55.6854,131.364,60.3898,126.739,72.5996,7.72103,131.105,105.69,21.5318,102.67,46.9035,130.415,-1
127.699,124.554,-1,-1,47.2226,48.7565,-1,91.018,44.7372,122.62,125.23,131.353,127.205,129.719,6.47116,118.454,121.327,50.0611,-1,52.8618
-1,47.4963,131.374,118.601,-1,131.351,64.5857,60.2097,119.664,131.317,131.306,131.358,-1,61.0146,51.0518,56.0215,131.141,130.483,41.734,131.073
54.5961,-1,26.671,-1,130.949,56.5225,65.1044,128.763,-1,128.96,-1,40.4689,120.186,-1,-1,-1,131.226,131.344,131.04,130.997
-1,-1,43.9442,77.4556,131.38,123.624,-1,131.379,130.109,39.829,-1,126.788,-1,-1,39.6573,130.873,-1,131.363,130.857,35.0643
