34.624,-1,-1,-1,79.987,-1,-1,-1,-1,19.6304,-1,-1,-1,-1,-1,-1,49.6346,-1,-1,-1
-1,-1,-1,-1,104.087,-1,-1,-1,-1,-1,-1,-1,90.6198,-1,-1,-1,102.812,-1,80.8014,-1
-1,3.41439,-1,-1,67.2304,-1,-1,43.4106,-1,-1,-1,-1,-1,-1,19.3957,-1,103.342,-1,49.9706,-1
-1,-1,-1,14.7485,-1,-1,-1,-1,-1,-1,-1,-1,-1,-1,-1,-1,-1,-1,-1,5.53197
52.4772,-1,-1,-1,43.598,67.3508,-1,17.3439,-1,4.86266,-1,-1,-1,-1,-1,-1,-1,-1,-1,98.1075
-1,-1,-1,-1,51.0402,-1,-1,57.9604,39.015,-1,-1,-1,-1,-1,76.5929,-1,12.9437,-1,-1,88.6694
21.1073,-1,-1,-1,-1,-1,-1,15.4883,38.4815,53.8474,42.0358,-1,-1,-1,55.0419,-1,22.1964,-1,15.4076,-1
-1,-1,-1,-1,-1,-1,-1,-1,-1,-1,-1,-1,-1,-1,100.483,-1,-1,-1,-1,-1
73.8308,-1,-1,-1,-1,-1,-1,-1,-1,50.8827,12.8016,-1,-1,-1,21.4457,60.1563,56.5457,-1,-1,89.9995
56.6306,-1,-1,-1,-1,-1,-1,-1,57.5581,8.39086,-1,-1,-1,-1,-1,-1,-1,-1,-1,-1
-1,-1,26.7389,17.7429,40.2811,57.1871,54.5372,-1,-1,28.3478,81.9455,-1,-1,-1,-1,-1,-1,-1,-1,-1
-1,41.9828,36.5059,-1,-1,46.2552,-1,-1,42.4796,-1,-1,48.1644,-1,56.0127,-1,-1,51.9505,40.0602,-1,-1
-1,63.3014,-1,-1,51.7426,-1,-1,-1,-1,41.1606,-1,-1,-1,-1,94.9685,-1,50.6378,101.619,-1,-1
-1,46.6837,-1,-1,-1,-1,-1,14.4309,49.1836,-1,-1,94.5304,-1,-1,-1,70.7916,-1,-1,-1,-1
-1,28.0054,-1,56.3731,-1,-1,-1,-1,81.3966,-1,-1,15.1507,-1,-1,50.3948,-1,51.3334,-1,75.268,-1
-1,-1,-1,-1,-1,-1,-1,-1,-1,-1,-1,-1,-1,-1,-1,-1,-1,-1,-1,-1
19.2033,-1,22.9206,-1,-1,70.7593,-1,-1,53.4682,112.524,-1,63.0981,-1,101.57,72.5374,63.1582,-1,-1,-1,-1
-1,-1,63.1483,-1,14.7592,-1,-1,-1,-1,-1,-1,-1,-1,38.5127,65.7095,35.5624,-1,80.5753,-1,104.756
-1,57.9426,63.2028,-1,-1,-1,-1,-1,-1,-1,-1,64.0684,-1,100.423,-1,-1,-1,34.1712,15.2261,111.469
-1,-1,-1,-1,-1,-1,-1,-1,-1,-1,-1,-1,-1,47.9307,-1,-1,-1,-1,-1,64.7936
55.3657,-1,-1,-1,-1,-1,-1,56.59,-1,-1,67.2925,-1,-1,-1,29.6928,35.0477,60.3702,-1,-1,100.392
-1,-1,-1,-1,-1,-1,-1,-1,-1,-1,-1,-1,-1,-1,-1,-1,-1,-1,-1,-1
-1,-1,-1,-1,-1,-1,-1,-1,57.1506,60.8681,-1,-1,64.8228,-1,6.54864,75.4161,84.6643,-1,-1,-1
-1,-1,-1,-1,-1,-1,-1,-1,104.546,-1,-1,-1,-1,-1,-1,-1,-1,-1,-1,-1
-1,36.9181,-1,-1,-1,-1,-1,44.2631,-1,-1,-1,-1,-1,-1,53.5843,-1,-1,-1,-1,59.6613
-1,-1,63.797,-1,-1,-1,-1,63.865,63.0867,3.08322,6.72041,92.2692,20.0772,-1,27.5935,-1,-1,-1,17.0747,-1
-1,-1,-1,111.735,-1,-1,-1,-1,-1,-1,-1,-1,-1,-1,-1,-1,-1,-1,-1,-1
-1,-1,-1,-1,-1,-1,-1,66.4226,100.56,-1,-1,58.8616,49.3488,55.6723,88.5022,-1,-1,-1,-1,51.1017
-1,59.2953,112.683,-1,95.6271,73.8612,-1,-1,63.8185,-1,-1,-1,-1,-1,-1,14.2837,105.471,37.7916,98.8196,-1
-1,-1,-1,-1,-1,-1,-1,-1,-1,-1,-1,-1,-1,-1,-1,-1,-1,111.47,-1,-1
57.5528,-1,-1,56.0068,-1,-1,-1,45.8601,78.7633,82.8544,56.8441,-1,-1,-1,-1,-1,-1,20.2221,-1,65.7626
-1,-1,14.5281,-1,-1,62.1613,51.4407,-1,-1,51.1131,84.5383,3.64406,-1,-1,-1,-1,56.3882,69.0081,42.6147,113.046
29.5461,12.5668,-1,112.008,10.03,-1,113.166,76.8956,-1,29.4168,105.106,33.3145,-1,47.5061,-1,-1,-1,-1,-1,-1
-1,-1,-1,-1,83.4378,-1,-1,80.9275,-1,77.8434,-1,-1,14.4953,66.0385,-1,53.3497,-1,105.151,2.75597,-1
-1,-1,-1,-1,33.3557,39.4246,-1,-1,-1,-1,-1,-1,-1,90.9238,57.2933,-1,-1,-1,-1,59.9372
-1,-1,-1,-1,-1,-1,-1,-1,-1,-1,-1,-1,-1,-1,-1,-1,112.348,-1,-1,-1
55.1164,44.6716,-1,-1,-1,-1,56.1465,-1,36.807,-1,77.3063,-1,-1,49.688,-1,58.5425,-1,-1,-1,-1
-1,104.239,-1,-1,71.5894,69.917,-1,-1,-1,67.0008,-1,-1,-1,2.70546,-1,45.8461,-1,99.0969,-1,-1
-1,-1,57.514,-1,-1,-1,56.2545,78.7274,-1,-1,50.8278,-1,58.0773,115.494,49.5775,22.2558,-1,-1,-1,81.4209
-1,66.1399,-1,87.5922,-1,56.9144,66.4274,-1,-1,14.126,-1,-1,-1,113.932,36.7607,78.0797,-1,114.56,10.9302,-1
-1,-1,115.603,97.2998,-1,-1,45.0759,-1,9.62005,-1,61.6034,-1,-1,-1,108.602,88.8559,53.6391,-1,-1,-1
67.7215,34.694,49.8704,55.4159,-1,-1,-1,89.3002,-1,94.5174,-1,-1,-1,53.6955,-1,110.285,74.9411,114.412,-1,-1
80.9471,-1,-1,-1,-1,-1,61.2888,75.4801,57.4626,115.255,60.9675,-1,-1,60.9383,114.443,106.307,94.8963,-1,-1,-1
48.4829,-1,-1,90.6056,37.1843,114.655,-1,-1,79.8515,-1,106.13,-1,39.3593,98.0744,74.6251,-1,-1,111.573,109.854,6.91177
110.392,-1,-1,-1,88.4189,114.553,92.3289,-1,80.6118,-1,-1,-1,-1,-1,-1,-1,-1,-1,112.306,113.967
115.177,113.299,-1,-1,104.466,-1,105.996,105.734,-1,107.194,-1,2.63568,71.0183,-1,56.1977,-1,93.5453,61.214,99.4842,108.931
-1,69.0062,-1,84.1921,-1,-1,115.011,86.7214,-1,113.581,103.457,-1,102.246,67.859,114.972,-1,102.163,-1,-1,108.731
-1,97.5046,43.8216,-1,-1,-1,104.068,100.785,101.115,-1,-1,43.2015,94.3429,-1,91.6389,65.2705,115.949,-1,-1,-1
-1,-1,-1,-1,73.8692,-1,-1,108.755,109.486,9.00218,105.433,53.4558,-1,95.0768,8.99035,-1,116.239,11.7601,-1,-1
108.91,-1,-1,112.847,67.2648,-1,-1,116.245,-1,-1,54.4662,-1,-1,116.248,-1,99.287,16.9393,108.421,-1,-1
