-1,-1,-1,23.5354,-1,-1,-1,-1,-1,71.6375,-1,-1,-1,-1,-1,-1,-1,-1,-1,-1
-1,-1,-1,101.336,-1,-1,-1,-1,-1,-1,104.58,-1,-1,-1,-1,-1,-1,-1,-1,-1
-1,-1,-1,19.4961,63.962,60.9648,-1,-1,-1,73.2301,-1,62.6424,-1,42.0737,-1,114.537,-1,-1,100.389,58.7115
-1,61.5478,62.2128,-1,-1,-1,-1,-1,-1,-1,-1,57.9667,-1,-1,-1,-1,-1,-1,-1,-1
96.6549,8.2975,-1,-1,-1,-1,-1,-1,68.5997,28.8739,17.2817,-1,-1,-1,-1,67.9649,-1,7.12713,-1,33.5641
-1,-1,-1,107.14,-1,-1,-1,-1,-1,-1,-1,-1,-1,-1,-1,-1,-1,-1,-1,-1
-1,-1,-1,-1,23.9846,32.3494,103.094,-1,96.1001,-1,-1,73.4765,56.682,-1,-1,-1,-1,-1,-1,-1
34.3861,-1,-1,-1,-1,-1,41.7209,9.68284,-1,-1,-1,50.2526,61.2292,-1,-1,112.531,-1,-1,57.9803,-1
8.2596,-1,110.491,-1,-1,-1,49.7101,-1,-1,113.644,-1,44.6535,32.5938,-1,-1,-1,-1,-1,-1,-1
35.6602,-1,-1,-1,-1,-1,-1,48.8722,-1,-1,-1,-1,-1,-1,50.2414,-1,4.0447,-1,-1,-1
79.278,49.8503,-1,56.483,53.7846,38.0777,-1,48.5337,-1,-1,61.5884,-1,-1,-1,-1,-1,57.9191,-1,-1,71.9417
81.4841,106.118,-1,-1,64.8187,-1,-1,-1,-1,60.8962,-1,75.2231,10.6722,77.7831,-1,8.2702,-1,-1,-1,-1
-1,-1,-1,73.8923,59.0095,90.6131,-1,77.4332,20.654,32.8388,-1,-1,-1,92.5189,35.6939,-1,-1,-1,41.0165,-1
-1,-1,-1,-1,-1,-1,-1,-1,-1,-1,-1,8.69394,-1,-1,41.1179,-1,-1,-1,-1,-1
-1,-1,-1,-1,-1,-1,-1,-1,-1,6.45343,-1,-1,-1,-1,80.4441,66.9456,-1,-1,-1,-1
86.017,-1,-1,-1,-1,58.4789,28.4378,-1,-1,-1,-1,-1,-1,37.207,-1,-1,-1,-1,-1,-1
56.8179,-1,89.8407,-1,-1,-1,87.2416,-1,-1,-1,-1,52.597,-1,-1,62.9591,-1,-1,-1,20.8661,-1
-1,-1,-1,108.084,-1,-1,-1,-1,-1,-1,53.4585,-1,37.8562,-1,-1,-1,-1,-1,91.4102,-1
34.1253,57.7802,60.0647,-1,-1,22.882,-1,-1,-1,-1,-1,37.8307,-1,-1,-1,75.4461,-1,-1,47.6373,-1
-1,-1,57.9974,-1,-1,114.411,-1,-1,-1,-1,21.3574,50.1978,-1,-1,-1,-1,-1,62.4819,11.564,-1
43.7581,51.2043,-1,-1,-1,83.9055,-1,-1,-1,50.5806,44.7318,-1,-1,55.528,-1,-1,-1,-1,-1,-1
67.1267,-1,-1,28.7695,-1,14.3689,-1,-1,-1,-1,-1,-1,-1,-1,-1,-1,-1,-1,-1,22.6996
-1,-1,-1,-1,-1,18.5181,-1,92.541,-1,-1,108.828,16.9173,-1,-1,36.0062,-1,-1,-1,-1,-1
85.9164,-1,3.91058,-1,101.082,-1,-1,74.3144,58.1049,-1,23.9722,-1,-1,-1,-1,74.4336,-1,-1,58.2776,-1
-1,-1,-1,-1,-1,-1,-1,-1,-1,-1,-1,-1,2.41221,-1,-1,92.8398,35.8165,-1,-1,-1
-1,-1,80.187,63.477,79.9268,66.2037,-1,29.5175,15.7151,-1,43.8181,-1,46.8769,-1,-1,-1,-1,-1,41.5787,-1
-1,36.6696,-1,-1,-1,52.3095,-1,-1,-1,-1,-1,-1,-1,-1,67.0975,-1,93.0469,-1,-1,-1
-1,57.812,114.273,-1,-1,-1,75.6551,16.1643,-1,-1,-1,-1,-1,-1,83.8594,-1,-1,-1,-1,82.6415
-1,43.2384,116.1,-1,-1,56.574,57.4169,56.5273,-1,-1,77.7541,62.9429,23.941,-1,30.9164,-1,-1,-1,-1,-1
-1,-1,60.2212,-1,-1,-1,-1,-1,-1,95.3671,-1,8.68892,23.3092,-1,-1,31.3932,5.45638,71.6316,-1,-1
-1,-1,-1,-1,-1,-1,-1,4.42216,-1,4.09131,-1,-1,-1,-1,-1,-1,35.3518,-1,-1,45.7505
-1,77.4435,-1,-1,80.116,-1,-1,-1,-1,-1,-1,-1,103.352,-1,-1,-1,-1,-1,-1,-1
109.69,-1,-1,-1,-1,-1,-1,16.3266,26.8361,84.2865,49.4268,-1,44.6441,-1,-1,60.5878,-1,-1,-1,-1
-1,-1,-1,-1,-1,-1,-1,-1,-1,60.4008,-1,81.376,-1,-1,24.0412,-1,120.408,68.2198,-1,40.5159
-1,-1,-1,-1,-1,-1,-1,-1,-1,-1,76.8807,-1,38.9759,-1,87.225,-1,118.789,-1,-1,-1
43.826,12.5794,-1,121.141,-1,-1,-1,-1,-1,-1,-1,95.3238,-1,-1,-1,-1,-1,-1,60.7238,-1
-1,90.6849,-1,42.0072,-1,-1,94.828,74.9116,-1,-1,66.6345,-1,-1,-1,-1,-1,-1,-1,-1,-1
-1,-1,-1,-1,-1,66.3791,-1,44.3949,89.0899,-1,-1,-1,-1,-1,-1,-1,107.076,-1,28.8571,50.4297
54.4803,89.4857,25.1372,48.4403,-1,-1,-1,87.3675,63.5141,86.4396,-1,-1,-1,-1,-1,-1,40.0046,-1,-1,-1
31.8694,-1,-1,-1,-1,84.7879,-1,46.2962,-1,66.3644,25.0751,-1,8.16421,-1,-1,-1,119.693,71.0969,-1,47.7632
91.8198,-1,-1,-1,-1,12.5652,-1,-1,-1,11.9051,-1,60.7516,42.7451,-1,-1,-1,-1,-1,-1,-1
30.0796,-1,33.0708,-1,-1,89.0078,-1,-1,118.921,-1,-1,-1,-1,-1,-1,-1,84.5031,-1,-1,111.033
-1,-1,-1,-1,-1,-1,-1,-1,117.948,-1,-1,-1,-1,-1,-1,-1,-1,-1,-1,-1
54.2022,-1,-1,-1,50.1672,-1,54.58,40.7872,-1,82.637,-1,-1,-1,-1,101.216,53.1058,119.915,56.6674,-1,50.2136
47.6594,73.6274,100.391,-1,113.574,-1,78.8264,42.8725,-1,-1,-1,-1,-1,-1,-1,-1,120.16,-1,-1,-1
48.553,56.9708,115.014,71.416,-1,-1,-1,102.665,-1,-1,-1,-1,-1,50.871,72.8955,-1,53.6974,-1,99.2344,9.97527
68.5019,-1,50.6877,48.6671,-1,-1,-1,-1,15.2415,-1,-1,58.3952,-1,-1,117.005,-1,-1,-1,-1,-1
69.4249,47.2317,63.2297,-1,-1,-1,-1,54.8125,-1,-1,-1,-1,62.9757,43.3472,49.6398,-1,-1,-1,-1,109.463
67.5361,21.1045,51.5872,95.5011,-1,121.291,-1,120.875,29.2531,-1,-1,-1,3.7901,49.8353,-1,104.53,-1,-1,-1,-1
45.3451,43.5906,7.78982,-1,28.8898,-1,-1,31.6693,7.67816,-1,-1,-1,-1,-1,80.7134,-1,-1,-1,-1,-1
-1,-1,86.8862,-1,-1,-1,-1,-1,-1,48.5519,70.9945,-1,-1,-1,-1,-1,-1,-1,-1,63.6424
-1,-1,114.728,-1,78.8506,-1,-1,-1,-1,-1,18.8212,40.9868,-1,-1,-1,-1,43.9465,53.1249,-1,-1
-1,-1,-1,-1,-1,-1,-1,-1,64.0932,-1,-1,-1,-1,-1,59.6351,-1,100.081,54.9719,60.6332,-1
-1,-1,-1,-1,-1,-1,-1,-1,-1,-1,-1,-1,18.2595,-1,47.4559,-1,-1,121.275,76.5502,58.5397
-1,-1,-1,-1,-1,42.9902,-1,-1,-1,-1,-1,-1,-1,92.6417,71.0223,-1,52.891,60.4925,-1,61.4345
-1,68.3886,-1,-1,-1,-1,-1,-1,51.4717,1.58266,97.9534,64.3657,-1,-1,59.7988,-1,-1,-1,-1,-1
-1,-1,-1,-1,-1,119.054,24.6817,56.4207,10.3858,-1,-1,-1,119.891,-1,15.9728,-1,114.398,112.443,-1,-1
-1,36.8443,3.57333,-1,-1,-1,-1,-1,-1,-1,95.4633,-1,-1,-1,56.0226,-1,-1,-1,76.6873,-1
-1,-1,-1,-1,-1,-1,-1,52.3304,-1,-1,-1,-1,-1,-1,-1,16.9933,-1,21.0366,78.7861,35.2342
-1,-1,-1,-1,106.254,61.8173,34.4965,80.1368,-1,73.9726,21.3826,-1,-1,17.7119,-1,-1,-1,54.5086,-1,-1
-1,-1,-1,-1,-1,37.1762,69.7022,-1,-1,-1,78.0522,-1,-1,-1,101.268,68.0176,-1,-1,-1,-1
-1,-1,-1,-1,-1,29.0691,87.0629,-1,-1,52.0982,11.9522,-1,-1,-1,29.2093,-1,-1,-1,-1,-1
-1,-1,-1,-1,-1,-1,-1,-1,-1,65.9089,63.1194,56.8256,81.3796,-1,46.8412,-1,-1,-1,-1,-1
-1,-1,-1,-1,-1,42.7276,-1,94.8165,-1,-1,57.2289,-1,-1,53.1689,-1,-1,-1,-1,59.9484,-1
-1,-1,-1,107.308,-1,123.123,54.4203,-1,19.9633,-1,-1,-1,26.1306,48.9327,-1,-1,-1,-1,-1,60.6732
101.24,-1,-1,63.7375,-1,112.125,56.3987,19.9801,-1,-1,-1,-1,-1,-1,-1,58.0028,-1,39.0318,57.328,-1
-1,-1,-1,-1,-1,-1,24.686,75.5732,-1,-1,108.214,49.5161,-1,30.9119,-1,117.741,-1,-1,38.0929,-1
-1,13.8423,-1,-1,-1,-1,-1,-1,84.348,44.692,-1,-1,-1,-1,-1,96.1501,-1,-1,-1,-1
-1,-1,-1,-1,-1,-1,-1,123.4,10.3013,26.066,31.8323,-1,107.776,-1,-1,123.068,50.9916,81.3648,113.671,-1
58.8549,-1,-1,27.1313,-1,-1,18.5937,107.256,111.742,116.478,-1,98.9453,72.493,66.7199,-1,50.5737,-1,-1,-1,-1
-1,62.9341,109.216,5.93306,-1,-1,-1,-1,-1,41.5179,-1,-1,-1,89.7441,-1,-1,58.0369,-1,59.3712,-1
-1,8.95271,-1,-1,68.9502,94.8998,-1,-1,12.8934,53.8219,-1,-1,-1,-1,-1,67.8936,23.5688,-1,-1,111.054
52.5382,-1,99.0371,-1,18.7937,13.7318,88.339,93.161,52.8627,-1,-1,8.53559,-1,-1,38.036,-1,-1,36.1663,4.49806,-1
6.9663,84.4663,45.4949,-1,-1,-1,63.5614,-1,-1,23.0347,-1,-1,-1,-1,-1,-1,-1,65.1631,11.9931,-1
-1,-1,16.25,-1,50.6941,25.0301,-1,-1,60.2629,47.5895,-1,-1,80.5964,-1,-1,-1,-1,-1,-1,-1
116.217,59.0262,-1,77.1521,25.9167,-1,-1,-1,-1,53.6952,107.805,64.6847,107.338,35.4143,12.1807,53.7792,-1,-1,28.3662,24.7972
73.3662,-1,-1,49.7521,-1,-1,-1,-1,-1,123.777,-1,-1,-1,-1,-1,-1,44.4811,-1,35.1779,61.5436
-1,-1,-1,58.4888,-1,-1,-1,-1,-1,53.5736,-1,-1,-1,-1,48.876,-1,-1,-1,-1,-1
-1,-1,-1,72.6273,-1,-1,-1,-1,48.9308,33.4908,-1,-1,44.2162,123.907,-1,-1,-1,-1,-1,97.8347
54.4461,91.9228,31.0371,80.8047,88.5624,-1,8.59729,24.8184,-1,-1,-1,26.135,76.6419,-1,49.3348,-1,115.43,-1,-1,-1
62.494,93.066,-1,-1,-1,-1,-1,-1,8.90024,73.5526,17.7418,70.6918,-1,-1,112.672,-1,-1,-1,86.758,-1
27.7318,93.346,-1,57.7482,6.09646,103.156,54.7315,-1,-1,70.7057,-1,34.1522,23.5985,-1,-1,-1,-1,123.335,21.003,-1
52.2702,-1,-1,-1,-1,-1,80.832,34.6315,-1,89.3298,-1,109.875,-1,29.2897,63.5782,-1,-1,-1,-1,-1
-1,-1,-1,-1,-1,-1,-1,-1,99.7649,72.0034,-1,-1,-1,117.786,124.033,-1,-1,-1,-1,34.5269
97.4169,60.5242,-1,-1,-1,-1,37.3039,64.3359,38.8244,-1,-1,13.3626,-1,16.981,99.0699,54.0341,-1,-1,-1,121.753
-1,-1,-1,-1,-1,-1,-1,61.3784,92.6111,-1,-1,64.9868,65.7249,85.0395,74.8552,77.6857,-1,42.4331,-1,-1
-1,86.7498,69.4563,-1,101.075,-1,-1,66.4946,-1,-1,-1,-1,85.023,62.502,-1,-1,-1,-1,-1,-1
-1,-1,-1,-1,124.271,-1,-1,-1,118.576,19.6033,-1,-1,51.5441,77.2029,-1,-1,-1,117.533,-1,33.964
47.2443,-1,95.8895,-1,36.3056,-1,-1,3.67449,-1,-1,-1,-1,-1,-1,-1,-1,-1,66.7191,-1,-1
-1,67.2567,-1,44.7522,-1,-1,-1,78.0124,-1,-1,-1,-1,-1,-1,-1,55.2606,-1,22.3096,69.6687,36.74
-1,-1,-1,-1,89.8566,65.0559,5.22012,13.8839,-1,-1,-1,-1,-1,76.773,-1,75.2038,-1,-1,13.0033,-1
-1,-1,-1,-1,-1,-1,-1,-1,113.027,36.3352,61.5142,-1,-1,-1,-1,25.8586,-1,-1,71.7107,114.954
-1,121.035,-1,-1,-1,-1,-1,-1,64.1051,29.3332,48.7132,-1,-1,-1,-1,-1,-1,-1,86.265,44.5984
51.049,28.8423,-1,-1,22.6403,-1,65.1495,-1,64.6424,-1,-1,54.6261,-1,-1,-1,80.777,99.4657,-1,71.7297,44.1801
-1,-1,-1,-1,77.2362,-1,41.3305,-1,-1,43.9737,-1,42.3369,-1,-1,-1,-1,111.332,-1,76.0662,70.7313
58.3907,50.512,-1,55.4556,-1,-1,75.057,45.1469,-1,87.7863,66.278,73.8954,-1,-1,-1,-1,-1,47.8344,-1,-1
30.3065,-1,-1,18.9521,-1,60.7741,-1,-1,66.2843,26.2618,57.5907,-1,-1,-1,107.451,-1,-1,-1,-1,-1
-1,-1,-1,-1,95.2184,-1,-1,-1,-1,90.5884,80.1867,-1,-1,-1,64.6847,-1,-1,-1,59.2299,-1
82.1317,41.6479,-1,-1,36.9825,-1,102.947,-1,96.2021,-1,40.2124,-1,-1,114.907,-1,-1,-1,11.0071,-1,-1
16.7384,-1,49.1424,74.3498,-1,-1,48.1371,-1,93.1283,16.4831,-1,104.077,2.91823,63.3759,25.5223,-1,-1,-1,-1,-1
-1,-1,-1,-1,28.605,-1,-1,-1,-1,-1,-1,-1,57.2864,-1,-1,52.5358,-1,-1,-1,-1
88.7375,-1,-1,-1,-1,-1,74.9678,-1,-1,32.9101,-1,-1,-1,-1,-1,-1,49.3789,55.0003,46.0236,-1
-1,123.697,69.2252,-1,100.969,-1,26.494,-1,59.7168,31.3661,-1,-1,-1,-1,-1,41.0919,44.8559,76.8083,45.2922,-1
-1,33.3721,-1,-1,-1,-1,-1,-1,-1,54.7204,-1,6.90735,-1,-1,-1,98.709,24.9556,92.1155,-1,-1
-1,-1,-1,-1,-1,-1,-1,-1,-1,-1,102.849,-1,-1,-1,-1,-1,-1,97.8913,-1,97.0483
53.2022,-1,-1,-1,-1,79.9283,-1,-1,-1,53.1822,-1,-1,14.3859,-1,-1,22.7739,-1,-1,30.0111,-1
-1,-1,-1,86.0551,45.4345,12.944,-1,92.1594,2.70007,-1,81.5781,-1,-1,72.6221,68.3873,-1,46.861,68.9208,-1,-1
99.1633,-1,-1,58.1032,64.7355,29.9603,-1,-1,-1,-1,-1,-1,28.9432,62.5616,74.2753,53.8506,121.802,-1,-1,-1
-1,-1,-1,82.1791,-1,25.2163,-1,-1,-1,54.81,-1,-1,64.4839,111.909,5.5685,-1,57.7824,64.1524,33.3423,110.252
120.714,-1,-1,98.7731,-1,-1,-1,-1,-1,-1,-1,119.474,17.7329,59.9909,68.5423,-1,-1,15.763,76.4606,6.26152
124.21,-1,43.7381,58.4845,-1,-1,50.1309,-1,111.003,-1,-1,-1,-1,118.409,-1,-1,114.151,-1,110.503,-1
25.1751,63.9265,2.60953,-1,100.978,-1,59.2172,-1,-1,-1,-1,58.1503,-1,74.0859,-1,-1,-1,21.4477,-1,-1
-1,-1,-1,-1,25.0018,-1,66.618,61.6192,10.9155,56.5314,-1,-1,8.6621,50.3494,-1,-1,-1,-1,-1,-1
-1,59.1379,117.692,50.2547,102.62,-1,-1,-1,65.0229,-1,-1,-1,-1,43.9482,-1,105.248,-1,-1,-1,-1
-1,11.9476,94.6636,85.1129,79.835,-1,-1,-1,-1,-1,17.194,-1,-1,-1,-1,48.3772,-1,-1,-1,-1
-1,84.2835,61.5444,-1,91.9705,-1,63.9127,12.2424,-1,67.2293,29.617,-1,-1,-1,-1,-1,-1,-1,61.4896,21.2821
-1,72.1708,-1,-1,82.203,-1,-1,-1,-1,-1,31.1202,-1,20.838,-1,-1,80.6099,-1,-1,-1,-1
-1,57.2071,-1,84.0582,55.5209,-1,-1,-1,-1,-1,2.47515,-1,-1,-1,-1,89.71,-1,-1,-1,-1
-1,64.1585,-1,-1,-1,-1,84.2572,-1,-1,24.5046,-1,-1,104.386,74.4764,122.324,71.1055,25.9914,-1,-1,-1
-1,-1,-1,-1,-1,-1,120.422,-1,85.4832,59.1458,-1,-1,107.753,20.7162,37.4736,124.23,-1,104.828,33.6393,-1
-1,53.2545,-1,-1,-1,68.1013,9.18937,-1,13.9007,-1,-1,38.1026,-1,-1,115.436,27.9627,41.913,52.5368,42.2428,68.1895
105.316,-1,9.21535,121.98,-1,108.801,-1,-1,28.8541,-1,104.934,-1,-1,108.75,-1,101.216,-1,-1,-1,-1
44.8144,20.8505,55.6419,-1,-1,121.479,-1,116.828,97.8122,-1,54.9775,-1,117.208,98.5532,-1,47.2986,-1,-1,96.2339,-1
22.4438,-1,102.086,-1,58.5926,28.9544,90.5782,64.2931,-1,-1,91.2644,48.8882,-1,-1,-1,45.3857,75.3514,111.015,97.82,39.5601
-1,-1,82.4591,-1,118.685,115.8,64.925,123.059,105.755,-1,120.832,108.792,-1,101.622,110.644,-1,113.446,-1,46.2175,66.6745
90.8873,-1,61.46,109.966,121.793,-1,-1,-1,42.5038,-1,-1,90.757,-1,-1,116.34,-1,78.1095,-1,-1,123.933
-1,-1,-1,-1,117.529,61.0103,-1,-1,113.792,-1,109.842,53.9285,52.6016,68.0695,-1,55.282,-1,-1,-1,111.483
-1,-1,-1,-1,117.859,35.199,62.5764,-1,45.1607,86.5951,59.9997,-1,119.09,-1,-1,-1,-1,-1,20.6285,82.6221
-1,-1,87.4972,-1,20.8419,-1,-1,110.477,71.4448,26.8396,-1,-1,52.9077,61.3954,-1,-1,-1,120.952,48.7425,-1
13.9385,-1,15.273,-1,61.959,-1,-1,-1,114.926,-1,47.5923,-1,62.9484,-1,-1,-1,-1,111.05,77.0729,-1
-1,-1,-1,-1,13.595,-1,-1,124.249,-1,-1,-1,91.8844,56.3612,83.9914,58.896,52.0595,36.0349,-1,116.537,-1
-1,-1,-1,-1,32.5978,46.6491,-1,-1,-1,61.7612,49.9859,32.4468,96.3908,101.887,52.5367,122.001,114.249,56.4893,-1,3.03602
-1,40.1052,113.51,115.238,57.439,121.669,18.7442,105.869,56.2494,-1,73.9037,121.224,68.4576,-1,55.5415,97.4663,48.7093,82.1843,-1,85.6868
46.333,-1,4.04896,34.3439,-1,-1,-1,2.525,57.6575,3.17114,13.0992,38.2955,-1,15.695,-1,115.686,76.1264,99.3104,-1,29.0064
82.2705,59.8438,11.7465,-1,67.3785,106.819,-1,-1,49.5497,-1,-1,-1,57.5511,85.9983,-1,124.047,78.6052,53.0007,-1,-1
49.2171,63.6979,120.39,-1,111.592,117.352,4.72796,-1,57.0988,-1,-1,-1,-1,54.3043,84.0013,106.171,-1,4.35672,-1,92.4084
-1,-1,79.6622,15.4677,55.3175,114.873,64.7317,23.044,-1,-1,7.20317,-1,-1,-1,73.5463,65.2623,67.73,36.9199,25.0123,80.8949
60.9396,40.2172,23.6176,103.426,45.6814,110.306,86.5454,116.169,-1,-1,-1,82.3385,-1,60.9048,-1,68.7605,106.601,-1,36.7995,29.999
-1,61.5583,111.327,-1,117.592,45.9002,65.1543,35.352,-1,-1,-1,-1,-1,-1,-1,-1,26.04,-1,-1,51.6416
25.2251,59.7857,76.6457,79.1398,-1,-1,61.1035,46.6284,22.7848,10.9937,-1,46.861,-1,123.843,-1,-1,-1,73.9864,-1,117.372
-1,111.943,-1,8.72652,-1,44.6262,31.4528,-1,52.5869,102.023,-1,-1,-1,-1,61.202,-1,49.5328,107.557,-1,-1
49.0694,73.553,-1,76.7087,116.189,14.4047,98.9579,-1,42.9003,-1,-1,-1,64.0292,-1,67.5749,90.8819,-1,-1,66.349,25.9885
5.92506,-1,10.338,-1,123.154,-1,71.0862,66.2597,-1,20.2753,-1,-1,93.5699,54.0171,111.077,39.994,48.7348,39.5315,-1,70.9667
-1,-1,-1,-1,39.8985,-1,20.3937,-1,-1,-1,-1,-1,124.296,123.772,37.8655,109.542,-1,56.0295,42.8865,-1
88.8631,-1,115.823,59.5391,63.1195,-1,12.6986,85.0036,27.4027,93.7828,-1,81.0975,-1,33.1479,-1,-1,36.8041,-1,-1,-1
10.5771,-1,-1,79.4151,-1,35.2169,-1,70.7406,-1,117.942,96.3306,46.4607,105.212,90.505,21.6717,-1,107.411,-1,-1,-1
65.5055,-1,40.3268,75.5621,121.732,99.2767,55.2924,78.5281,78.2024,88.7607,65.2408,61.1267,-1,73.1199,27.0619,-1,-1,60.8425,36.5169,60.6698
112.53,-1,120.184,112.007,57.2527,57.1288,-1,-1,94.6726,-1,55.5229,-1,114.449,-1,-1,-1,43.5796,101.026,-1,106.191
47.6168,-1,47.3029,61.2772,-1,117.749,106.601,82.0628,55.3242,-1,106.329,-1,-1,92.1707,-1,-1,-1,60.8171,-1,81.7253
99.5148,14.2313,-1,112.18,98.446,87.0177,-1,-1,56.1245,-1,75.8354,4.0058,50.826,67.4695,-1,-1,-1,91.9832,40.8521,-1
120.644,-1,-1,-1,-1,74.9648,50.025,-1,-1,20.1702,94.1278,-1,-1,-1,107.342,14.7355,94.8183,27.2279,-1,116.378
88.8076,-1,94.9012,-1,-1,34.9766,-1,59.8457,68.674,119.083,37.4959,122.204,32.5475,-1,-1,-1,4.20895,77.5874,-1,45.5747
-1,28.1602,20.8916,121.918,-1,52.861,-1,-1,66.7029,-1,-1,118.042,68.9137,70.5594,-1,92.9717,-1,86.4276,96.3247,-1
27.7724,56.0141,56.9633,-1,-1,38.5386,-1,-1,36.5763,-1,106.815,19.0517,62.9664,114.182,-1,-1,123.011,-1,-1,86.3886
-1,-1,-1,33.6753,-1,9.28029,-1,-1,64.0564,123.396,27.7096,-1,60.1784,102.774,39.5866,-1,115.686,55.6711,66.0485,11.2174
-1,-1,-1,86.1523,-1,-1,-1,-1,-1,-1,79.1782,79.0815,-1,-1,106.738,-1,49.3795,-1,105.734,119.08
-1,-1,54.8411,-1,30.5473,-1,-1,-1,118.394,-1,19.8694,-1,88.3016,-1,39.883,88.4591,116.173,50.3198,54.5034,122.626
55.6265,78.7251,-1,66.6371,107.163,-1,-1,56.7326,37.9589,-1,53.2818,-1,21.6971,-1,-1,45.1154,54.2446,7.78051,112.257,84.7577
-1,-1,-1,-1,23.1591,57.9197,70.088,115.331,-1,56.1264,-1,-1,-1,94.1737,-1,-1,122.948,66.0597,110.772,26.1057
80.2259,67.5229,-1,61.9423,54.0973,-1,-1,36.1711,70.1285,-1,54.8934,-1,-1,44.8894,-1,69.516,61.0915,58.7009,104.798,-1
-1,-1,-1,72.4415,-1,-1,-1,117.818,55.4863,-1,-1,-1,-1,51.6318,-1,56.4673,-1,52.1316,95.7781,-1
-1,-1,61.0069,-1,64.017,-1,107.914,-1,21.3925,-1,-1,26.9779,-1,111.142,-1,-1,-1,-1,64.4696,112.167
-1,-1,21.2604,-1,30.345,120.272,-1,59.8091,100.557,-1,-1,91.86,-1,113.036,-1,-1,-1,90.8759,53.9993,55.2395
-1,121.322,123.129,-1,65.2541,91.2607,-1,-1,-1,-1,-1,39.7131,-1,-1,-1,41.3201,-1,74.346,65.8243,54.3018
1.94706,93.7614,120.671,-1,95.0949,-1,-1,-1,-1,-1,-1,65.6959,-1,47.2183,58.9322,59.1709,116.754,-1,123.431,-1
121.789,119.366,-1,-1,118.931,78.4232,-1,-1,50.5692,120.395,-1,-1,-1,62.1493,116.538,122.719,40.4513,-1,34.6264,-1
-1,122.236,-1,56.7296,80.3949,104.265,10.302,-1,-1,47.2915,-1,50.3734,-1,-1,-1,-1,118.655,-1,38.5885,65.316
75.2819,77.0249,-1,69.1875,-1,71.9597,-1,-1,-1,90.4362,67.9366,104.757,28.8686,60.0632,47.5857,-1,114.765,56.9623,-1,-1
82.6885,-1,-1,-1,-1,115.718,58.798,-1,84.1278,-1,-1,44.0168,77.4308,-1,-1,104.381,61.1434,27.2384,-1,-1
43.0979,-1,117.163,-1,111.809,102.962,54.2644,105.367,-1,97.4045,82.6846,86.2538,116.74,-1,-1,-1,51.6074,-1,124.301,-1
56.355,-1,117.501,-1,56.8036,26.9164,82.1449,34.3904,-1,-1,-1,-1,19.5557,107.252,55.4707,-1,37.2298,-1,107.13,58.4053
-1,-1,53.8768,-1,118.344,-1,45.8903,-1,-1,45.9663,-1,27.7848,-1,-1,-1,-1,63.6537,74.121,12.4099,-1
2.90873,-1,61.7612,-1,-1,79.6899,107.615,46.2463,-1,59.4825,-1,-1,-1,55.6528,-1,-1,-1,37.9449,119.048,68.7155
-1,47.0158,-1,-1,48.397,-1,-1,87.2274,108.329,62.9098,63.7461,108.427,69.1613,76.4474,-1,89.4927,111.872,68.3361,62.6057,-1
-1,55.6169,60.3417,-1,-1,12.6593,92.4496,51.3988,28.4466,8.61747,-1,-1,47.1233,-1,52.1836,83.2886,-1,124.302,108.009,-1
62.5382,77.4861,17.9249,-1,104.059,-1,-1,102.794,70.0089,108.624,109.813,23.8796,57.5271,-1,23.1192,-1,120.789,110.524,107.457,-1
119.572,-1,-1,18.9037,-1,66.6942,-1,71.2971,-1,-1,-1,53.9679,-1,124.184,-1,-1,84.931,72.6126,116.254,30.8821
96.9523,30.9097,85.9223,107.699,-1,-1,-1,-1,110.15,-1,63.693,56.1999,64.628,-1,25.4268,55.6218,115.222,123.746,63.5944,30.2274
32.3594,66.0028,103.277,79.6915,30.8057,-1,-1,-1,-1,-1,-1,-1,-1,-1,57.2518,22.5237,-1,119.718,123.851,-1
70.2106,-1,94.3309,-1,52.821,-1,121.013,65.3998,-1,78.8233,-1,-1,47.8477,76.9882,54.3423,117.512,-1,-1,63.1656,-1
103.168,-1,33.2113,-1,31.0561,116.365,58.3175,7.92996,122.037,106.7,-1,-1,56.3263,-1,17.2954,86.4114,-1,-1,-1,112.644
-1,115.792,-1,23.474,-1,-1,117.374,65.1491,60.9301,68.6328,-1,56.9366,-1,93.7588,64.5689,46.7728,-1,119.172,33.7469,94.3799
-1,31.0263,19.3851,57.3294,-1,-1,-1,113.213,-1,78.336,-1,-1,-1,75.8051,-1,117.005,116.067,59.1757,-1,117.005
116.956,84.3412,115.451,124.315,-1,71.6607,63.6508,50.0983,-1,-1,-1,-1,-1,10.4804,-1,18.3984,95.5137,50.6723,63.9889,95.5082
35.2864,105.005,-1,109.031,-1,23.2427,-1,-1,-1,43.6314,119.857,60.7241,56.5836,116.008,42.0659,-1,34.4583,-1,61.3932,46.7847
122.946,-1,-1,26.0733,118.647,-1,52.1731,10.9619,-1,-1,123.571,84.7013,-1,71.9234,62.3896,-1,-1,-1,93.4101,-1
123.452,-1,-1,117.676,-1,-1,118.958,35.4564,-1,58.5771,41.9899,86.3421,113.302,-1,-1,56.7508,-1,79.8018,63.9316,-1
124.316,-1,70.8398,123.044,-1,-1,-1,6.8102,-1,-1,-1,-1,56.4479,85.769,-1,-1,45.764,-1,123.666,-1
103.531,-1,117.913,74.272,-1,-1,62.9872,-1,69.5613,-1,45.2136,122.737,-1,57.8193,-1,65.5371,51.0296,-1,86.4269,-1
105.408,-1,-1,52.1335,48.1872,118.522,106.82,-1,60.6829,-1,59.4091,45.8814,-1,-1,84.5492,-1,57.117,-1,87.8383,18.5726
-1,-1,-1,-1,65.6487,-1,-1,-1,-1,-1,88.2907,95.6698,-1,-1,102.693,-1,59.8943,-1,-1,120.481
-1,-1,-1,-1,108.892,-1,-1,111.563,106.476,-1,110.604,44.8314,-1,-1,-1,-1,-1,38.2713,-1,114.888
109.471,119.565,-1,114.293,118.906,4.58838,114.567,-1,97.2194,22.5177,111.168,37.9542,-1,-1,79.0824,14.3666,-1,79.8448,84.0321,120.922
118.263,80.5039,-1,117.586,124.13,-1,-1,74.6263,-1,116.202,58.6693,-1,-1,-1,-1,105.39,60.2714,32.2759,122.339,96.5883
-1,-1,80.4927,-1,41.5954,-1,-1,117.797,-1,-1,-1,119.46,-1,59.2104,35.0039,-1,-1,72.1451,116.95,49.0789
68.5203,-1,2.46705,92.5689,91.429,-1,79.7139,124.324,-1,-1,-1,-1,11.3057,-1,46.1752,105.298,45.9227,-1,-1,-1
97.7338,122.529,121.094,121.683,118.98,70.4085,45.6783,124.285,120.575,-1,-1,-1,-1,1.7522,-1,115.825,124.317,-1,-1,-1
-1,52.6452,-1,67.6399,-1,111.211,-1,118.563,102.488,-1,-1,97.7476,-1,-1,71.6245,124.265,-1,118.902,-1,82.7425
-1,38.3502,-1,123.18,81.3252,-1,-1,110.398,124.008,-1,-1,116.305,-1,105.472,-1,-1,68.7053,-1,82.9597,-1
78.5023,69.8068,105.744,-1,-1,-1,-1,123.849,121.576,64.8026,-1,-1,67.2895,-1,-1,63.3564,35.6088,-1,6.69223,-1
-1,-1,83.754,-1,67.3379,-1,-1,-1,108.353,93.4244,-1,19.8498,117.36,-1,-1,-1,72.8835,114.216,50.0189,94.3604
-1,-1,115.393,-1,120.384,-1,-1,19.6585,122.859,-1,14.6167,-1,51.5268,-1,93.8712,-1,94.5404,123.462,121.894,119.403
9.00543,-1,31.1211,59.314,-1,56.1424,-1,-1,71.411,-1,82.3677,-1,48.7111,-1,98.4179,-1,-1,124.073,119.204,124.212
44.6289,-1,-1,49.3713,37.7952,58.0917,-1,-1,-1,58.8042,84.2479,49.9711,16.6948,-1,123.896,43.7257,-1,43.5977,-1,-1
78.2174,121.973,-1,119.036,-1,-1,-1,-1,-1,77.0612,114.157,65.2083,34.1344,-1,122.196,51.351,86.9419,116.433,117.556,83.9974
-1,-1,-1,56.4293,-1,-1,110.356,47.0011,112.841,-1,51.9002,-1,55.1027,-1,67.0163,31.0053,-1,-1,-1,-1
50.9004,-1,-1,-1,88.2261,-1,94.3308,-1,116.681,-1,17.0902,-1,100.397,-1,3.93705,-1,81.5544,117.134,-1,-1
-1,102.832,121.514,-1,7.67196,47.5593,105.772,104.126,-1,-1,100.747,-1,46.1213,17.4718,78.2415,34.8659,54.9998,108.861,-1,79.4878
-1,51.7263,-1,9.99534,91.7963,-1,44.5562,-1,-1,-1,104.919,-1,-1,53.5234,109.587,-1,120.741,-1,-1,102.278
73.3454,75.9714,51.4087,-1,48.8483,15.1401,114.89,65.958,-1,5.32496,-1,92.3421,124.202,-1,50.4991,-1,115.818,-1,94.6223,45.2739
122.84,124.17,-1,-1,38.5,114.984,50.5122,84.5131,85.3098,-1,-1,-1,-1,119.444,58.3474,-1,97.1521,-1,-1,-1
-1,116.887,28.2058,109.052,-1,-1,91.1064,115.57,-1,106.285,-1,50.9546,-1,90.8593,101.729,-1,-1,122.666,-1,-1
124.325,121.975,113.842,47.0419,-1,10.3763,-1,-1,-1,91.9335,0.916232,123.309,106.1,-1,105.194,-1,61.3116,-1,-1,-1
56.0803,117.831,-1,103.501,-1,65.0048,53.9626,-1,119.843,-1,36.3298,114.579,116.113,-1,121.872,120.294,-1,27.467,-1,-1
-1,123.07,-1,89.3277,112.973,33.5678,-1,75.6065,92.4419,62.0342,71.4417,-1,124.306,40.0832,80.3,76.5154,32.057,-1,-1,-1
86.6541,87.7346,114.724,114.294,113.608,79.2085,-1,101.071,122.724,41.8221,-1,52.1071,-1,-1,-1,-1,-1,114.412,48.5399,-1
112.99,-1,22.5311,5.66224,-1,-1,-1,31.0463,-1,-1,-1,114.136,96.4595,-1,-1,59.3402,46.1614,-1,-1,-1
112.191,105.309,108.066,14.5729,56.2809,111.201,-1,24.254,-1,-1,-1,117.221,124.327,-1,-1,-1,53.5159,-1,-1,86.5373
124.334,-1,23.4742,-1,15.6611,22.4904,59.821,-1,119.75,20.6049,53.3162,-1,-1,-1,82.0498,-1,67.7707,79.7815,-1,121.647
-1,60.5549,-1,-1,-1,-1,56.8617,-1,104.514,62.4302,17.8647,110.507,-1,101.318,12.5475,-1,118.974,88.4065,-1,104.112
105.188,-1,-1,63.4084,-1,-1,-1,122.58,115.916,-1,46.624,-1,64.9275,65.4251,-1,-1,94.1951,92.0053,84.5809,101.425
120.187,116.605,-1,105.601,-1,-1,-1,-1,-1,34.6849,-1,-1,-1,93.5443,124.108,-1,-1,-1,28.1272,-1
-1,116.109,108.072,-1,-1,-1,85.7322,-1,-1,-1,41.9546,97.3303,38.0473,-1,122.884,-1,-1,27.609,115.625,-1
-1,108.535,119.845,-1,-1,31.1178,118.911,96.352,77.2132,-1,108.037,97.495,-1,96.1363,-1,123.808,-1,-1,74.7088,122.32
-1,123.999,-1,68.4929,30.2498,-1,96.1054,12.0956,116.023,31.9583,53.096,-1,-1,45.6157,97.4246,120.81,-1,76.3951,-1,115.861
-1,-1,121.754,115.85,43.2885,-1,105.194,115.821,-1,79.357,13.3615,-1,33.2383,118.69,-1,-1,-1,117.678,-1,-1
107.955,-1,8.53854,43.7696,117.83,123.806,113.321,118.678,5.90947,-1,48.1826,103.255,116.748,101.871,41.9059,111.457,-1,-1,-1,-1
87.0335,98.088,-1,-1,14.8223,123.891,46.1991,-1,124.063,120.437,32.9838,99.6003,124.27,-1,-1,121.863,21.6348,-1,-1,121.67
113.915,116.628,-1,-1,102.229,-1,-1,-1,-1,124.336,79.7787,-1,124.197,-1,-1,-1,64.6057,-1,61.9449,124.041
46.5142,122.721,87.2187,-1,119.351,113.703,-1,40.2038,60.8791,-1,123.961,123.221,-1,70.4962,-1,-1,103.778,49.5134,112.903,-1
119.046,123.216,114.602,117.996,100.2,113.624,111.331,47.9634,-1,118.728,-1,-1,85.0356,-1,-1,-1,32.332,-1,122.094,17.5753
-1,119.218,122.572,124.31,104.262,124.285,-1,124.295,116.962,109.031,71.7545,83.9954,7.8204,-1,-1,-1,-1,102.265,-1,22.2175
117.192,108.964,121.324,-1,-1,15.8492,-1,-1,-1,93.6335,-1,123.577,-1,-1,45.2199,-1,-1,108.945,91.1955,-1
-1,49.5971,123.398,11.5607,58.8909,71.6769,14.3786,-1,65.4758,-1,98.4188,-1,-1,100.479,107.828,105.884,-1,123.729,114.057,-1
116.176,119.075,122.965,123.898,101.932,110.403,113.344,48.8036,120.854,100.842,123.312,40.9377,76.1769,124.314,101.677,-1,121.609,124.331,-1,45.4305
41.3158,6.26075,106.91,124.327,-1,123.097,-1,-1,124.268,106.717,122.872,124.266,5.69033,-1,104.983,-1,-1,-1,84.9388,-1
121.715,85.238,-1,-1,119.269,-1,-1,60.535,104.239,123.988,117.679,-1,121.495,114.271,122.435,-1,10.1749,117.699,115.08,123.292
108.718,124.286,123.353,-1,120.344,93.8114,-1,120.673,124.031,121.959,-1,122.05,123.767,123.342,28.056,-1,101.084,-1,-1,-1
118.606,-1,-1,101.392,121.899,98.9122,120.252,106.051,-1,118.431,92.7971,114.839,-1,-1,110.455,-1,124.199,-1,115.083,-1
-1,-1,122.704,120.366,120.314,51.4002,-1,123.339,89.6238,-1,-1,120.366,-1,119.634,-1,34.1572,-1,115.215,62.5534,-1
123.464,117.155,124.16,19.9181,-1,-1,-1,123.308,123.38,111.39,-1,111.577,-1,-1,-1,75.343,122.579,116.802,-1,92.9547
124.323,109.052,33.8127,-1,119.311,123.958,123.32,122.892,123.685,114.179,122.832,119.639,120.322,-1,123.311,70.0218,124.152,112.11,112.325,123.9
107.73,122.936,100.704,102.262,-1,-1,124.278,124.32,-1,124.245,124.152,70.6054,-1,86.8131,-1,109.443,-1,121.005,118.704,122.394
119.314,122.724,124.257,-1,-1,122.193,123.285,44.4371,-1,25.1509,-1,7.49678,113.812,-1,-1,-1,108.856,45.8158,-1,-1
123.713,120.757,98.5085,-1,121.246,124.335,-1,122.896,118.167,-1,109.797,-1,118.821,115.416,-1,106.13,93.9307,116.721,-1,123.176
123.079,58.8731,-1,-1,-1,-1,119.387,123.938,124.284,-1,124.334,119.917,121.533,-1,48.1815,122.568,-1,122.405,46.0625,124.046
-1,18.9543,119.362,123.602,80.8433,-1,10.1688,-1,124.332,55.4023,124.335,-1,124.119,-1,13.1771,-1,-1,-1,110.282,26.6629
123.636,77.131,-1,-1,78.584,122.743,104.518,117.772,122.121,124.24,-1,123.18,114.859,113.211,122.078,114.518,-1,41.9365,53.1204,110.548
-1,124.306,115.808,-1,42.0487,124.181,124.336,-1,123.803,8.30425,116.127,124.197,124.326,53.6076,-1,124.199,122.583,124.297,123.446,9.87798
119.883,124.285,47.9738,-1,52.9847,123.944,-1,122.807,124.023,124.081,-1,124.315,124.337,-1,-1,-1,-1,22.2113,124.331,123.381
