4.64313,-1,-1,-1,-1,-1,-1,-1,-1,-1,25.3984,-1,-1,-1,-1,-1,-1,-1,-1,-1
-1,-1,-1,-1,-1,-1,-1,-1,-1,-1,-1,-1,-1,-1,-1,-1,-1,-1,-1,-1
-1,-1,-1,-1,-1,-1,-1,-1,-1,-1,40.3114,-1,-1,-1,-1,-1,45.0817,43.5243,68.5194,-1
-1,-1,-1,-1,-1,-1,-1,79.2301,-1,-1,-1,-1,-1,-1,-1,-1,-1,-1,-1,-1
-1,-1,39.1028,26.1181,-1,-1,29.26,-1,-1,-1,-1,-1,-1,41.4823,50.0858,-1,87.7372,-1,-1,80.7018
18.4967,-1,104.009,-1,95.6487,-1,21.8007,54.4972,-1,56.2638,-1,-1,39.3164,-1,6.32311,-1,-1,-1,39.6841,98.2618
-1,17.0423,55.0524,79.0423,-1,-1,-1,21.8389,-1,46.8122,-1,20.2499,43.8103,-1,44.4377,-1,-1,55.0069,81.2713,87.9834
62.7875,1.13979,42.5592,95.1985,-1,-1,17.7726,105.473,58.6761,-1,-1,52.74,60.7098,49.7993,6.49728,-1,-1,48.0255,52.5621,49.3635
105.777,31.8115,57.9241,-1,-1,-1,46.8318,84.628,51.6508,-1,-1,-1,48.6968,73.1419,53.6812,-1,43.6796,22.5643,90.6858,10.6296
71.7306,-1,47.9171,95.4823,12.6772,-1,35.6982,36.106,45.5994,-1,-1,11.0219,-1,75.6221,61.8954,17.267,-1,-1,55.3485,79.2868
13.1931,-1,-1,42.4577,-1,8.26775,35.394,82.8369,18.1761,3.93974,-1,25.884,-1,-1,50.49,-1,99.7197,51.4745,107.512,44.3672
-1,-1,-1,90.5226,-1,48.4378,73.2134,57.7956,84.6186,30.5904,-1,3.53692,-1,-1,58.1394,-1,-1,70.8239,46.2573,37.9002
-1,53.1602,-1,49.2806,55.6726,52.0929,31.0726,-1,49.3806,70.6942,7.81053,48.4988,-1,79.6797,86.8732,-1,62.3601,61.144,40.3655,63.749
48.9757,-1,101.488,46.3263,2.23677,49.8516,-1,55.6284,65.9193,-1,47.7731,58.0746,9.97169,75.8932,-1,41.0973,45.1439,60.8993,47.7959,42.6156
35.253,23.111,-1,66.1707,68.7335,-1,-1,77.4212,44.1655,49.5066,72.2356,56.7478,94.5011,47.0648,-1,107.606,42.2506,102.355,102.369,22.9237
94.5439,32.4175,66.9964,48.5366,64.3743,35.9537,33.8791,64.9464,-1,98.936,-1,-1,89.104,46.1212,1.75456,-1,-1,-1,42.4274,-1
60.264,36.5121,43.5853,73.3052,44.4464,80.0383,-1,27.9136,64.2588,44.933,53.5779,-1,68.6549,69.4679,-1,64.133,44.6942,94.5358,30.0026,-1
37.6182,82.9164,107.868,-1,94.9634,70.6791,-1,65.3375,98.4203,41.824,42.8625,-1,47.7708,85.5944,-1,45.6956,88.3396,86.3756,53.7759,-1
35.3628,64.3076,62.7955,75.3364,91.8917,105.72,-1,66.6152,101.755,50.7119,55.657,-1,83.1056,46.5787,48.4652,65.2156,12.9282,12.0822,23.7799,2.23436
61.2377,42.3279,62.0118,99.1309,111.455,4.92144,-1,44.4845,106.435,50.209,77.6148,-1,-1,63.56,47.3048,110.568,92.0448,3.69015,47.0064,34.2905
79.421,-1,45.1925,54.8765,39.1365,-1,-1,-1,79.7807,8.66583,6.16691,18.6973,-1,4.79677,22.61,106.353,41.2759,51.7383,52.8335,24.1455
66.8596,-1,42.2839,24.2549,38.5777,-1,96.6395,62.3571,-1,54.5456,60.1221,72.4593,48.3044,51.9427,34.2383,-1,21.4182,4.39758,61.4191,-1
63.5084,-1,53.6487,78.0639,79.2435,-1,-1,8.20307,9.18343,41.042,-1,48.4481,52.3708,30.38,22.9122,-1,53.6941,18.826,24.9622,74.0068
49.1905,-1,-1,14.8562,86.528,84.3427,64.2239,68.6795,-1,44.0024,-1,43.714,40.1462,39.7319,-1,-1,40.907,35.3748,25.7165,22.7086
15.5743,35.7216,-1,-1,-1,22.0265,-1,13.1199,23.9838,68.9542,29.2576,-1,43.0732,12.7529,-1,-1,33.2948,38.6211,63.9581,101.837
47.2724,23.7226,54.1305,11.022,-1,20.3514,33.237,75.8459,21.0944,49.6027,65.0497,-1,-1,6.63705,-1,-1,92.404,24.6441,95.7628,45.1316
36.7695,-1,3.80127,-1,-1,78.623,-1,21.647,49.5609,106.811,-1,38.0203,-1,64.6879,-1,-1,-1,43.5764,22.9957,44.2803
36.4115,48.0589,39.2318,-1,-1,21.6073,-1,24.7618,94.4216,20.5604,19.2539,59.4873,35.1363,57.4215,104.214,-1,42.125,58.9189,50.5992,26.9182
81.2922,96.6833,23.0217,105.111,-1,63.4845,35.2483,76.418,42.6115,19.038,-1,-1,87.7149,39.8234,106.7,-1,9.72892,-1,-1,18.25
-1,95.9633,17.4405,83.7023,-1,22.7028,56.1856,47.6914,-1,20.6844,41.5828,22.1666,-1,-1,113.615,-1,-1,-1,-1,51.279
-1,91.689,7.18372,21.8958,93.6251,40.6773,-1,44.9349,-1,-1,32.4599,106.724,71.3344,-1,40.987,-1,-1,-1,-1,42.825
-1,38.073,40.3217,53.3841,71.7312,108.25,105.466,-1,-1,-1,-1,-1,60.7246,-1,27.0373,101.041,-1,-1,50.9678,16.083
-1,21.7094,39.909,-1,37.73,97.2757,39.648,18.3428,-1,-1,42.0329,34.3365,61.4567,-1,113.553,37.9967,-1,32.2091,82.8654,-1
56.8458,37.976,58.9771,69.6344,75.6264,80.2976,-1,62.9479,86.2403,21.1455,6.98775,-1,98.3941,11.4817,18.429,-1,35.9749,51.8972,21.517,-1
58.7601,21.5298,-1,32.5016,2.33209,8.19781,45.6698,-1,24.5184,24.5674,53.3405,-1,106.824,28.9234,40.3983,27.2512,39.3088,79.3109,50.6425,53.2288
-1,32.9254,-1,103.383,50.2807,21.4058,50.3446,34.2403,103.946,39.3931,94.1728,4.21718,59.7277,75.1777,47.6839,44.9924,30.2444,73.1547,21.4642,44.8781
-1,38.2564,-1,37.5555,5.37601,40.702,-1,-1,113.887,3.84128,21.4143,98.2747,60.5369,39.2538,26.7975,83.0725,48.2268,96.7401,39.0825,41.312
66.5469,103.69,-1,-1,21.6143,-1,21.7379,69.3251,88.1843,-1,110.641,-1,-1,57.1346,32.3158,70.4745,18.5923,-1,76.2849,73.3148
46.1013,80.4646,-1,-1,73.4361,-1,41.2675,-1,26.5359,111.178,20.0687,-1,-1,49.8139,113.873,54.6157,-1,58.5007,36.038,68.3575
58.9336,-1,-1,114.111,21.5882,-1,53.5199,34.407,17.2979,21.28,54.2247,43.4622,-1,41.4328,69.5556,24.0627,44.7335,38.1157,31.4044,46.3209
4.42621,40.6589,60.8383,-1,42.7457,40.7522,104.636,74.693,-1,83.8428,44.7761,17.2659,-1,-1,-1,44.0859,40.9166,88.791,-1,32.8934
-1,18.598,-1,31.2156,20.87,-1,62.9863,21.9888,-1,113.671,41.2026,78.4024,-1,65.2936,35.1032,-1,41.2695,21.8934,34.4047,19.3311
-1,38.9058,39.705,53.0071,70.5245,48.33,-1,53.0552,-1,-1,19.7106,55.8685,19.0512,61.9409,58.3374,44.5079,40.6732,33.0035,6.49826,57.9395
-1,18.8352,33.8629,5.43783,44.0565,68.9627,52.099,51.0968,111.367,-1,-1,40.4043,39.7646,61.4023,62.7798,72.0243,42.1038,-1,32.2101,42.4688
-1,79.5244,-1,68.4356,5.3987,51.2685,45.1237,33.5912,18.7284,22.3793,-1,85.6683,21.1794,-1,60.0025,110.906,56.6362,-1,19.6765,30.7834
-1,18.5447,59.9172,13.8195,34.8618,-1,35.9454,2.0645,50.3882,-1,92.4345,52.1716,77.5918,45.764,61.8774,17.4631,21.2429,-1,10.4675,5.37765
46.8857,43.243,101.917,20.944,12.3518,-1,45.8896,113.731,44.8278,67.1731,20.056,82.3372,100.558,114.745,62.4696,34.1615,-1,-1,46.0008,101.791
-1,66.9233,-1,-1,-1,-1,-1,-1,-1,-1,27.9049,-1,-1,-1,46.7539,53.3849,-1,-1,41.0524,85.64
115.832,-1,41.5922,-1,-1,44.7591,-1,16.4009,-1,-1,49.568,46.2404,78.799,-1,63.2479,20.7011,-1,109.775,67.341,68.6459
-1,-1,-1,110.246,-1,113.388,109.265,-1,-1,39.5493,-1,51.635,-1,-1,25.5406,-1,59.0585,42.3663,-1,51.9105
25.6472,-1,-1,-1,-1,-1,71.063,-1,-1,2.07928,-1,70.9396,-1,-1,20.5803,29.8653,96.1948,-1,-1,101.406
-1,-1,43.2401,-1,93.6711,-1,50.4074,-1,60.5664,-1,-1,-1,-1,-1,-1,-1,100.624,-1,44.8615,48.5686
28.6526,-1,48.7694,-1,91.5916,-1,-1,-1,-1,33.5634,-1,-1,24.6631,-1,-1,61.5807,-1,-1,-1,-1
-1,46.3017,84.9216,-1,49.4832,-1,-1,-1,-1,61.7509,-1,-1,-1,112.078,-1,-1,55.9413,-1,40.9511,-1
42.6117,-1,-1,-1,-1,-1,41.8213,-1,-1,51.6759,12.4495,51.6614,-1,-1,-1,24.2348,57.7265,-1,114.589,-1
-1,57.3663,-1,67.0477,-1,29.1915,-1,-1,-1,18.4665,-1,-1,-1,-1,-1,66.6014,-1,98.0171,-1,-1
-1,26.3444,-1,45.9805,18.5539,-1,-1,-1,-1,75.1979,-1,114.265,-1,-1,-1,78.4817,-1,42.8681,51.2617,-1
-1,-1,44.1046,-1,-1,-1,-1,-1,-1,-1,-1,8.48557,-1,-1,-1,47.1666,-1,-1,-1,-1
-1,-1,-1,-1,45.4588,-1,95.1964,-1,51.8264,-1,42.9439,-1,52.1405,49.4445,-1,-1,28.4851,55.6662,-1,51.8855
-1,-1,111.968,26.8623,48.4102,-1,110.438,-1,-1,-1,-1,-1,50.4137,-1,74.6819,41.8411,116.712,-1,-1,-1
-1,-1,-1,-1,38.5854,-1,52.6571,-1,114.822,-1,45.8965,-1,56.1754,-1,44.2684,-1,51.4059,18.4008,62.6294,-1
79.4338,-1,-1,-1,-1,-1,-1,-1,-1,-1,91.1202,-1,-1,-1,3.88288,15.7938,-1,97.6389,92.9005,-1
-1,-1,-1,-1,-1,-1,-1,-1,29.4654,109.628,114.422,43.0927,-1,34.5653,48.8871,-1,-1,-1,-1,65.7226
-1,-1,39.8923,-1,-1,-1,-1,59.3404,-1,110.093,40.6881,-1,-1,43.0283,49.1176,110.78,-1,50.2531,52.0622,51.2549
52.0267,-1,97.0563,24.0841,-1,-1,11.4186,-1,-1,-1,-1,38.4075,33.2187,-1,-1,-1,35.0309,99.7496,-1,44.8046
-1,-1,42.5425,97.7209,-1,-1,-1,-1,-1,-1,36.7854,-1,15.1587,93.1459,116.389,-1,31.7572,52.0636,49.6013,-1
-1,-1,-1,-1,42.2302,56.386,-1,-1,-1,-1,-1,-1,60.0797,-1,82.2387,109.82,100.399,95.6681,-1,65.6043
38.6181,-1,-1,54.8116,34.1809,-1,35.0065,-1,-1,9.14721,-1,-1,116.756,-1,116.213,34.2942,-1,-1,-1,-1
48.5947,-1,-1,-1,-1,-1,-1,-1,-1,-1,30.8768,-1,-1,-1,-1,-1,46.818,-1,6.13666,47.4292
-1,-1,-1,67.2577,112.166,10.8059,35.0082,-1,73.6024,51.3714,-1,37.7577,-1,-1,-1,-1,10.3392,-1,-1,99.6098
-1,-1,-1,-1,-1,-1,42.4962,-1,-1,-1,42.555,85.0013,-1,50.9649,116.447,4.60322,-1,-1,-1,-1
-1,-1,-1,-1,59.0217,-1,23.7924,-1,-1,-1,-1,-1,30.676,-1,115.652,-1,34.7359,-1,-1,-1
20.7005,-1,83.5956,-1,-1,-1,-1,-1,-1,111.067,40.1881,51.4711,-1,-1,53.4112,-1,-1,37.3185,-1,-1
-1,-1,-1,41.5111,-1,-1,75.3968,21.6731,41.648,67.385,-1,-1,-1,110.906,65.63,12.5205,53.0099,-1,-1,76.269
32.615,-1,-1,81.7191,107.787,-1,-1,-1,-1,-1,84.0917,-1,-1,-1,-1,35.1102,-1,-1,50.3706,40.9139
-1,-1,-1,-1,-1,57.0174,49.6809,-1,98.6638,-1,56.4608,-1,-1,-1,-1,-1,66.6767,-1,-1,-1
20.7167,62.9527,-1,42.4709,-1,-1,43.0525,73.2529,45.6957,-1,-1,-1,50.2711,-1,56.2069,-1,108.314,43.635,-1,41.9249
57.8661,44.0106,-1,19.3455,-1,-1,-1,89.1342,-1,83.4125,-1,-1,-1,-1,-1,113.627,44.1681,-1,-1,-1
-1,-1,57.3344,-1,-1,-1,29.1949,47.6074,110.443,-1,-1,-1,-1,-1,-1,-1,-1,50.0707,-1,-1
40.4928,-1,-1,63.9918,-1,29.4853,-1,-1,47.1779,13.4551,37.8716,-1,-1,-1,-1,-1,-1,49.1368,-1,106.057
-1,-1,-1,12.305,-1,-1,-1,58.8428,-1,-1,42.1467,-1,-1,-1,80.0531,50.1265,-1,27.0278,-1,-1
-1,-1,52.0332,51.84,58.176,-1,-1,58.844,-1,-1,-1,-1,43.694,-1,-1,47.0137,-1,-1,-1,-1
-1,41.612,-1,-1,-1,43.0976,-1,30.7456,-1,-1,-1,-1,-1,-1,-1,-1,-1,88.206,11.081,50.922
63.2176,75.7836,-1,72.1203,20.2844,-1,-1,59.2848,-1,68.8655,-1,-1,-1,-1,71.2983,40.1044,-1,92.4111,30.919,40.15
-1,116.786,-1,50.3507,-1,39.6933,-1,-1,-1,90.6979,-1,-1,-1,50.5888,79.7211,99.8714,82.2479,73.7771,-1,-1
-1,51.9406,35.6078,49.8969,43.5635,35.5306,64.8096,6.29032,-1,75.4555,-1,-1,51.1921,-1,-1,59.2086,-1,106.235,-1,56.2065
-1,-1,-1,86.1253,-1,-1,85.9815,-1,-1,-1,92.217,-1,52.8142,100.955,-1,-1,-1,44.4488,50.3769,-1
41.2655,-1,-1,103.942,41.137,-1,-1,-1,-1,-1,-1,-1,44.4862,-1,-1,-1,-1,50.4945,112.374,87.6311
-1,-1,-1,58.3879,100.2,-1,-1,-1,-1,55.5618,-1,-1,-1,-1,-1,41.0715,-1,43.2081,94.0609,44.838
73.2883,-1,-1,113.3,-1,-1,114.49,-1,-1,-1,-1,-1,-1,-1,-1,56.419,31.1436,-1,-1,111.588
46.4064,-1,75.669,-1,-1,-1,116.792,-1,-1,-1,-1,28.7015,-1,-1,-1,47.0151,-1,-1,-1,-1
52.2653,58.4264,115.95,-1,-1,6.71765,116.744,71.7538,57.058,-1,40.9027,-1,101.708,79.6274,-1,-1,41.763,-1,40.7303,-1
54.3386,-1,110.82,-1,-1,-1,-1,59.6504,-1,-1,-1,62.5438,-1,56.8933,-1,68.4256,-1,-1,86.7669,52.1306
-1,40.1636,-1,36.1974,-1,42.4341,-1,49.0751,-1,-1,-1,55.6498,42.1312,-1,-1,-1,-1,35.5042,-1,-1
-1,-1,21.7582,-1,-1,-1,-1,-1,-1,-1,-1,-1,62.7577,-1,-1,-1,-1,41.9834,-1,-1
-1,-1,-1,-1,-1,41.6215,-1,-1,-1,-1,-1,59.452,-1,56.1565,-1,-1,43.8668,40.7319,-1,-1
17.0621,-1,-1,-1,41.1794,-1,-1,-1,58.108,113.687,66.1971,-1,48.6775,-1,-1,106.698,-1,45.489,60.7204,-1
70.6967,44.1172,42.7313,-1,-1,-1,96.3674,-1,42.4597,31.4152,116.259,69.1654,-1,-1,-1,-1,50.7812,-1,-1,43.5582
65.284,-1,116.674,102.313,-1,44.2934,-1,-1,95.1326,-1,-1,58.0695,-1,-1,39.6727,111.903,-1,-1,-1,-1
5.4834,-1,-1,113.274,-1,53.1842,-1,48.1955,-1,-1,57.7568,-1,-1,-1,-1,54.433,-1,-1,35.5401,-1
49.5938,-1,24.0617,55.7421,-1,-1,-1,113.191,18.9267,-1,-1,-1,12.8285,-1,34.6474,106.809,-1,111.418,-1,41.3363
11.8939,-1,63.7494,-1,-1,-1,37.9934,-1,41.5451,95.3726,15.6017,32.3757,100.209,-1,-1,52.2552,-1,-1,-1,-1
58.6647,-1,-1,-1,52.352,-1,-1,-1,-1,6.51369,-1,-1,-1,-1,41.7369,-1,59.81,33.5278,14.3101,52.6887
81.141,-1,40.1318,-1,115.253,16.5176,-1,-1,-1,-1,-1,-1,54.7456,-1,-1,53.2634,-1,51.4517,-1,-1
67.5542,25.9134,81.3667,80.6904,100.614,84.248,-1,88.2674,-1,-1,-1,-1,-1,27.1877,116.635,-1,89.9646,-1,110.323,-1
51.0261,-1,-1,112.928,-1,-1,-1,-1,-1,-1,-1,39.7934,-1,-1,116.571,-1,-1,-1,50.799,-1
-1,-1,-1,57.7751,56.8586,38.921,-1,63.2692,-1,-1,26.3853,50.9125,43.9673,-1,-1,-1,33.3538,51.0256,-1,13.6261
105.594,15.911,-1,84.7624,114.486,-1,-1,-1,-1,-1,8.86477,-1,-1,-1,38.9864,-1,43.3084,-1,116.782,63.4015
-1,-1,-1,-1,50.2009,61.9473,43.8442,56.132,-1,-1,115.676,-1,41.0868,-1,-1,-1,-1,-1,50.5644,-1
-1,-1,39.7352,-1,105.956,37.9521,-1,110.441,45.3274,-1,-1,-1,-1,-1,-1,-1,-1,-1,-1,-1
-1,34.8182,60.6197,-1,114.88,109.938,-1,41.3827,-1,-1,-1,-1,77.6308,73.6963,-1,-1,44.658,44.3355,-1,25.9846
69.93,-1,56.8285,36.9128,44.7399,-1,75.502,-1,-1,-1,-1,44.8443,-1,74.5203,-1,40.2959,-1,-1,-1,-1
-1,-1,39.9194,-1,83.24,43.2959,104.632,112.19,-1,53.3442,116.787,105.932,-1,60.6003,-1,-1,-1,28.3459,-1,-1
-1,-1,-1,-1,-1,-1,-1,-1,107.6,112.184,-1,107.306,-1,-1,-1,-1,-1,-1,-1,-1
-1,-1,-1,-1,-1,-1,-1,-1,-1,115.408,-1,49.5616,-1,-1,-1,-1,-1,-1,-1,-1
-1,-1,16.0638,45.9025,73.0727,-1,-1,-1,42.0388,58.937,57.9923,-1,60.4563,-1,-1,49.3211,-1,-1,27.7473,41.7964
46.3466,43.89,-1,-1,73.9148,-1,54.648,53.0754,-1,-1,77.3409,-1,76.8923,-1,-1,-1,-1,-1,50.3453,-1
45.5456,-1,113.623,115.618,8.84534,-1,-1,-1,-1,-1,-1,109.376,-1,-1,102.218,-1,72.2496,-1,116.571,15.7525
114.227,57.631,71.8847,96.2921,-1,28.502,-1,-1,54.504,-1,-1,-1,-1,-1,97.9009,55.1071,36.7448,53.9867,-1,-1
-1,116.791,-1,111.502,49.4137,115.363,-1,-1,84.5192,-1,-1,91.1457,-1,-1,100.087,57.2808,57.9975,-1,-1,-1
29.2989,-1,-1,40.2046,-1,-1,84.4324,29.1081,-1,-1,-1,56.6278,69.1063,-1,97.8131,-1,-1,42.126,-1,-1
-1,-1,-1,-1,-1,112.746,113.799,59.5031,40.323,-1,38.5677,-1,64.8943,-1,51.1554,-1,46.1704,32.9264,41.5737,44.877
-1,116.759,-1,-1,75.9313,-1,-1,-1,28.5867,37.3155,-1,-1,-1,39.6859,-1,-1,59.4177,48.2307,39.8113,-1
-1,108.003,21.3871,33.3824,-1,37.8015,-1,-1,-1,-1,50.2246,-1,11.0967,-1,-1,-1,-1,51.0535,-1,-1
81.9195,-1,-1,-1,-1,-1,37.0909,109.157,-1,102.403,110.067,24.964,51.2443,-1,43.0007,41.5064,99.3416,105.213,-1,-1
114.86,38.4562,-1,102.123,-1,97.2129,51.9757,96.0188,-1,-1,110.042,-1,111.137,-1,85.1405,53.7895,89.1892,109.256,-1,64.8179
106.818,55.7081,-1,116.753,50.3063,66.476,85.2029,97.5017,-1,41.3731,105.068,35.8631,-1,-1,20.0731,66.4209,106.685,-1,-1,83.7218
54.5823,-1,-1,82.0361,109.811,70.1506,107.643,37.2994,5.46742,59.3767,76.5324,104.845,-1,-1,-1,-1,105.209,-1,-1,-1
-1,56.771,69.2773,94.148,50.4191,50.5659,-1,-1,99.8247,114.001,-1,52.3398,-1,-1,-1,-1,-1,-1,-1,39.7788
-1,-1,-1,92.2518,99.0465,-1,113.08,-1,-1,-1,71.2149,-1,110.355,41.4037,115.749,-1,73.6867,-1,29.4597,-1
-1,41.2101,-1,-1,-1,31.7133,-1,-1,45.4748,-1,91.8928,110.696,93.924,-1,52.3704,112.521,-1,-1,33.5488,67.0398
-1,44.7747,-1,-1,-1,104.304,32.9073,-1,55.1614,78.1688,46.4716,79.8723,54.1734,-1,-1,-1,-1,-1,-1,58.569
-1,68.8462,61.568,-1,-1,-1,95.4358,-1,96.6071,-1,45.9781,46.341,-1,54.2132,116.172,50.3282,-1,-1,-1,110.396
-1,-1,49.3597,39.7247,76.1438,40.335,112.691,-1,-1,20.4511,96.762,112.836,-1,52.9919,50.5835,51.4758,-1,99.7251,116.815,-1
7.36823,-1,54.0943,-1,79.0376,-1,-1,-1,95.1765,-1,113.958,-1,56.2206,-1,82.255,-1,-1,115.39,112.433,-1
-1,-1,51.7433,55.7382,116.997,-1,17.3561,-1,55.6137,-1,-1,42.6427,52.5034,-1,45.4806,-1,63.4068,43.486,31.2957,-1
-1,2.63187,63.1384,-1,-1,-1,56.6036,-1,-1,-1,-1,-1,56.3885,-1,-1,-1,-1,116.511,54.9598,36.9885
-1,-1,-1,-1,-1,110.803,-1,42.9913,42.4216,114.368,55.7332,-1,-1,-1,52.0013,-1,54.0264,-1,88.7613,-1
-1,-1,-1,-1,116.228,-1,56.2458,38.7565,-1,26.9058,-1,-1,-1,-1,43.8768,59.2593,-1,-1,-1,-1
-1,-1,89.6878,-1,55.7985,38.6584,-1,-1,-1,56.5935,25.5959,40.0483,28.1775,-1,-1,45.7053,52.6184,-1,-1,110.837
-1,-1,110.952,94.2217,41.2164,-1,49.6952,-1,57.9947,99.9706,87.3685,113.235,-1,89.2454,-1,-1,-1,-1,-1,63.2223
-1,-1,-1,113.698,-1,-1,-1,52.3144,108.726,111.473,-1,-1,42.9329,-1,71.3396,-1,-1,-1,44.5494,-1
42.3297,24.3744,56.4114,18.4143,-1,-1,49.518,-1,56.6215,-1,50.652,106.931,-1,111.71,109.053,-1,-1,-1,55.5935,43.028
-1,-1,115.983,62.09,60.1194,-1,-1,107.796,105.418,-1,-1,85.1394,-1,-1,44.0757,-1,-1,34.6063,-1,-1
45.3941,-1,-1,86.8334,80.5898,-1,-1,53.4478,-1,-1,-1,115.595,-1,-1,50.6623,-1,-1,-1,-1,-1
-1,51.0556,45.2452,-1,-1,35.1207,-1,54.0611,-1,-1,-1,-1,-1,-1,116.971,-1,-1,88.4733,50.3213,-1
107.357,-1,-1,62.4034,48.9441,116.808,42.2208,-1,-1,-1,-1,47.6917,-1,47.1373,-1,-1,-1,-1,40.613,47.2442
-1,39.8015,21.819,-1,-1,67.9024,29.5354,-1,91.5794,-1,-1,-1,42.4521,-1,61.4743,55.878,-1,41.7076,85.3147,-1
-1,-1,110.063,113.632,-1,45.2014,86.9211,-1,55.3871,99.991,45.6996,-1,-1,-1,-1,-1,-1,52.9786,-1,77.5941
26.2848,-1,-1,47.1079,45.0993,-1,-1,32.2927,41.3154,-1,42.4616,52.8532,-1,-1,-1,111.447,112.615,92.4061,-1,49.4819
-1,72.8403,75.6083,-1,-1,-1,72.0199,-1,41.9489,-1,53.907,109.019,-1,106.156,-1,108.764,51.1754,-1,113.852,-1
-1,27.3248,58.6854,-1,-1,45.2872,71.2813,25.1271,-1,66.2404,-1,65.2151,116.074,114.761,-1,95.7687,50.5502,86.4396,-1,-1
-1,112.04,-1,-1,-1,-1,-1,60.6827,49.4124,50.5842,39.7221,110.963,-1,-1,-1,38.546,13.1777,56.344,-1,-1
-1,-1,-1,-1,-1,-1,-1,109.94,-1,-1,-1,100.944,35.3593,-1,74.2445,63.2591,-1,39.7553,55.0859,-1
-1,-1,-1,-1,40.5652,-1,-1,92.2889,-1,59.0854,39.8448,-1,-1,102.129,111.618,110.647,-1,-1,-1,-1
-1,-1,66.4145,-1,109.382,63.1984,-1,93.7954,110.867,-1,-1,42.0088,-1,41.566,110.112,110.6,92.1172,-1,-1,-1
-1,50.7806,64.1974,-1,-1,-1,111.254,-1,35.332,-1,42.9272,-1,-1,-1,81.1714,-1,-1,-1,43.9223,-1
-1,55.6253,-1,-1,-1,-1,102.02,115.916,61.8965,29.442,54.8887,36.7117,-1,-1,34.82,-1,-1,-1,114.942,51.6057
95.9901,-1,78.4349,30.1326,34.3982,33.7852,71.4459,116.923,115.735,5.0554,-1,-1,97.7608,-1,51.2367,-1,-1,-1,103.808,-1
116.596,25.2948,116.904,-1,-1,-1,-1,116.729,17.1803,-1,68.0235,15.5385,-1,-1,-1,-1,28.5038,-1,35.9648,54.7409
-1,109.675,56.2393,-1,-1,41.4625,56.4407,-1,112.162,86.9643,-1,-1,25.2397,68.4762,74.805,47.9031,94.816,-1,116.56,-1
-1,116.946,-1,-1,-1,-1,104.096,-1,110.32,57.1345,18.2117,-1,51.1506,-1,77.2006,100.027,-1,-1,23.4971,-1
-1,56.0506,57.5313,65.5962,-1,-1,-1,-1,70.8267,-1,113.445,-1,30.3465,39.9352,94.4342,-1,-1,34.7504,-1,-1
25.6361,78.2791,98.2053,22.1387,22.9865,-1,-1,-1,40.3934,-1,91.9361,-1,45.2636,-1,-1,62.2297,-1,-1,28.1003,-1
76.6146,-1,116.898,-1,96.7443,46.7914,-1,-1,-1,-1,-1,112.967,111.94,-1,-1,54.1328,-1,18.1707,-1,-1
-1,-1,-1,-1,40.4537,81.3783,-1,-1,113.417,44.5447,112.129,-1,60.928,-1,-1,-1,-1,116.56,54.2938,67.8582
105.628,-1,-1,-1,-1,-1,-1,-1,109.75,88.9785,89.6089,107.931,109.759,48.9319,-1,-1,-1,54.9259,-1,90.9733
112.732,-1,-1,105.115,-1,-1,-1,-1,54.0269,39.4981,-1,-1,-1,35.0259,-1,-1,-1,-1,-1,-1
109.274,-1,-1,78.4701,53.8987,-1,-1,49.1726,-1,-1,-1,114.751,75.8247,40.4494,-1,48.8906,-1,40.1431,-1,-1
82.984,-1,-1,79.2899,52.9502,-1,-1,74.4067,-1,82.9379,-1,56.6267,116.898,103.369,-1,-1,-1,82.089,-1,62.9492
-1,14.2689,31.5234,116.547,-1,116.688,-1,-1,77.6501,51.3799,-1,-1,-1,36.97,115.667,48.5219,-1,32.7303,-1,113.76
-1,-1,110.451,-1,61.4617,40.0584,-1,110.067,112.203,-1,-1,-1,-1,33.5568,55.5466,42.4919,-1,99.1781,-1,-1
110.702,59.7658,-1,-1,-1,-1,12.3296,-1,111.762,-1,-1,39.7271,82.0203,-1,47.1191,58.1958,51.5787,114.704,-1,-1
-1,-1,-1,-1,-1,85.4413,-1,62.2088,81.7505,-1,-1,-1,-1,101.909,-1,-1,-1,-1,62.8063,-1
-1,-1,39.3225,-1,-1,-1,55.8415,-1,-1,-1,-1,51.4651,44.6896,-1,-1,-1,-1,-1,-1,113.321
-1,55.1409,-1,-1,-1,42.2922,40.3202,46.1479,100.934,81.2666,45.5042,-1,-1,-1,52.5584,-1,-1,-1,55.3537,51.1428
-1,48.2421,49.3348,-1,49.383,51.4585,111.371,45.2171,-1,-1,73.8288,-1,-1,-1,-1,58.9776,-1,-1,54.6994,87.4995
-1,-1,91.1408,40.633,-1,-1,70.3521,109.995,48.3784,-1,37.5494,83.3513,25.723,109.94,-1,-1,-1,45.231,56.3947,113.994
-1,81.8811,-1,48.9304,88.3186,42.5262,-1,-1,-1,112.43,85.0121,13.1852,69.4828,-1,79.4029,40.3698,-1,-1,80.6326,-1
48.393,45.11,-1,31.568,106.938,115.946,79.9108,-1,107.014,-1,-1,100.886,115.676,-1,69.5646,-1,57.6948,-1,103.765,-1
70.2936,94.4736,-1,-1,-1,112.237,55.3094,-1,-1,-1,-1,-1,95.0505,-1,107.264,-1,-1,-1,115.326,47.2654
-1,-1,-1,110.578,69.1899,55.9553,-1,16.7949,41.5982,-1,-1,115.013,-1,-1,-1,18.3882,39.9211,-1,87.6608,-1
-1,54.9226,41.688,-1,53.8492,-1,-1,50.8774,-1,68.284,-1,67.463,115.345,-1,51.2425,92.8509,34.4033,-1,-1,-1
57.3688,-1,45.6477,59.9175,55.9016,55.8771,110.711,-1,40.5898,73.8777,-1,40.2124,-1,113.112,116.996,-1,76.5936,-1,38.5779,-1
71.6144,-1,-1,-1,-1,55.2351,60.7724,45.5284,107.176,112.398,-1,116.979,-1,108.131,93.8097,61.7761,110.826,70.0289,-1,26.1742
111.57,-1,46.4846,-1,-1,-1,-1,56.8929,-1,56.4995,-1,-1,-1,-1,56.5916,-1,-1,71.7168,-1,-1
100.524,-1,-1,-1,43.6287,113.231,43.2556,-1,-1,-1,-1,54.7018,-1,-1,54.49,-1,-1,90.8667,59.8929,116.185
29.4348,82.5061,-1,23.024,-1,81.0555,56.9542,-1,79.0304,116.12,-1,-1,-1,-1,116.808,-1,24.6631,84.2767,51.6863,-1
-1,67.7863,102.285,74.5553,19.7764,93.4585,-1,-1,112.588,91.8938,-1,77.9684,97.3732,-1,38.0009,115.072,114.3,74.9124,111.509,47.9845
-1,-1,110.47,106.592,115.794,-1,109.891,-1,-1,-1,112.366,115.564,-1,-1,61.3909,18.9542,107.111,99.7192,116.932,51.2157
76.3238,-1,55.2447,-1,-1,13.8574,69.525,37.9373,40.1771,40.921,110.662,104.972,-1,63.8584,-1,47.312,-1,-1,44.3952,116.996
55.4012,51.8901,-1,-1,103.55,94.8179,50.9108,105.992,-1,-1,-1,110.639,-1,-1,-1,114.333,64.8318,-1,-1,-1
-1,116.913,-1,89.6165,56.0044,-1,-1,-1,116.225,-1,49.0239,-1,45.1244,67.0077,46.8134,88.0486,51.7029,72.3167,39.8696,-1
90.1016,94.4819,81.2562,-1,116.926,60.2232,-1,-1,-1,51.9051,-1,-1,115.119,116.324,-1,58.7222,52.3683,105.09,-1,54.7516
58.6833,55.6887,-1,-1,-1,40.8481,110.711,-1,98.7627,116.203,36.4844,-1,67.9753,86.0717,-1,102.172,116.047,51.5488,-1,-1
-1,-1,-1,70.5957,-1,-1,99.6404,116.884,47.7188,112.23,54.4271,112.669,-1,112.521,-1,52.838,109.011,112.306,71.9325,92.3128
116.516,-1,41.998,-1,53.576,40.5181,114.158,111.401,50.8036,91.5321,-1,91.7236,86.765,-1,-1,116.96,-1,116.195,43.7432,-1
114.215,-1,108.394,39.7572,116.823,64.8392,35.8911,38.4989,-1,-1,-1,101.339,110.887,-1,-1,-1,116.857,-1,-1,-1
39.712,35.2831,73.4485,104.315,107.156,107.747,-1,-1,-1,111.559,114.469,-1,33.7011,48.0249,-1,103.333,-1,44.8444,-1,-1
114.739,53.3463,111.613,-1,112.608,-1,54.4641,-1,-1,116.67,64.4148,116.664,-1,-1,-1,48.7867,51.4647,-1,-1,49.0871
-1,115.381,-1,-1,-1,-1,114.151,-1,-1,53.5081,-1,-1,-1,79.7649,-1,47.3458,15.2489,114.02,-1,110.378
77.7618,116.915,61.1918,-1,-1,-1,71.1064,-1,-1,-1,-1,116.706,-1,91.8149,-1,44.6623,-1,86.8779,32.6293,-1
-1,-1,42.1782,58.7415,82.9115,7.49415,87.7839,-1,109.001,13.2874,-1,-1,43.0136,110.335,-1,-1,-1,58.1432,-1,53.6619
-1,107.033,84.0371,98.6268,113.816,95.5728,74.4285,71.1464,98.2248,86.1566,11.5896,-1,-1,-1,-1,116.924,44.6402,97.4608,22.8075,26.6441
116.227,58.1614,109.932,-1,67.0875,-1,53.9174,-1,111.098,34.5819,92.5957,19.1957,112.61,-1,48.0035,70.8018,44.4582,-1,-1,109.716
116.287,115.394,57.3352,44.4094,116.06,110.871,96.9156,65.5553,112.574,112.572,-1,44.7396,85.2147,12.6248,107.099,-1,55.8323,-1,-1,54.3283
22.2941,113.482,-1,112.666,114.27,112.013,63.5696,116.549,112.253,-1,-1,-1,-1,112.401,108.696,-1,112.938,-1,102.881,115.152
-1,116.642,-1,114.02,50.8892,-1,-1,-1,116.923,76.6934,75.1218,-1,-1,-1,-1,-1,39.2138,79.2203,110.877,-1
-1,-1,-1,-1,-1,-1,-1,-1,70.5218,-1,-1,20.1956,55.0453,48.145,-1,-1,-1,111.614,42.8127,42.4618
111.94,36.56,-1,62.7086,99.348,106.299,98.3827,105.694,107.293,-1,39.9881,60.9534,-1,96.6469,46.9557,61.9508,29.2537,-1,63.029,31.6528
116.978,84.2574,-1,55.0162,-1,-1,99.1426,-1,-1,68.1854,55.1137,100.758,-1,-1,-1,-1,80.1691,-1,36.8793,-1
-1,114.83,-1,110.131,47.6302,86.9389,110.255,-1,108.743,-1,-1,111.965,-1,-1,107.168,38.3936,-1,96.9431,-1,88.0167
81.2691,9.2574,115.738,111.8,28.8846,116.981,-1,26.4047,-1,116.459,-1,-1,-1,72.7495,66.1276,114.52,-1,-1,115.756,116.982
111.774,61.8608,-1,115.824,116.784,-1,109.36,95.0728,-1,114.916,114.808,-1,-1,-1,75.6068,112.147,-1,-1,110.7,-1
104.645,-1,114.055,-1,108.277,56.1937,-1,-1,72.0177,45.9833,-1,-1,92.5209,52.3804,-1,-1,-1,87.2352,85.9678,-1
-1,-1,-1,-1,82.511,66.5678,72.8575,113.185,113.076,115.375,107.702,34.6951,94.6737,52.9212,-1,-1,44.5494,113.15,110.302,3.54346
-1,113.69,51.2584,66.7299,116.758,76.7324,114.64,-1,-1,-1,66.002,-1,62.795,30.6091,51.2599,-1,-1,-1,72.1196,-1
109.668,-1,116.905,-1,116.336,-1,116.882,77.3242,108.253,-1,-1,109.417,114.479,98.4721,111.942,5.06725,-1,82.0181,49.43,103.665
116.899,3.21225,97.7534,-1,115.585,113.229,111.021,-1,99.737,60.1917,59.8126,-1,-1,90.0424,-1,102.447,52.4117,114.772,51.5557,88.2213
54.0322,-1,116.385,-1,-1,-1,-1,-1,-1,-1,45.7173,-1,44.1975,-1,-1,-1,115.466,106.678,69.2039,106.769
-1,115.351,-1,69.9079,113.455,-1,62.7134,-1,-1,-1,57.0827,83.8253,-1,-1,-1,116.922,77.9715,111.11,-1,100.699
-1,107.389,-1,80.1736,105.713,52.3732,110.033,-1,-1,-1,69.4623,-1,102.528,-1,-1,-1,97.4465,116.917,116.464,115.415
97.9021,98.144,95.4814,-1,116.979,116.994,-1,-1,87.5257,-1,114.966,106.559,113.123,-1,112.417,102.653,108.162,-1,113.177,-1
-1,-1,113.949,112.72,-1,52.2602,99.2132,102.234,109.87,-1,73.9791,-1,116.995,46.4754,-1,116.996,61.403,27.5495,-1,-1
36.2976,-1,111.743,-1,91.1436,115.048,-1,114.447,-1,-1,-1,68.4111,44.3158,-1,62.5772,-1,100.728,91.1423,66.8202,116.942
116.261,-1,88.1119,113.119,-1,-1,57.219,116.326,-1,-1,110.452,77.3265,38.7624,39.934,115.33,-1,-1,109.344,-1,-1
116.916,111.075,48.1982,116.887,-1,104.5,-1,-1,98.1801,93.7004,-1,-1,-1,-1,34.1099,92.2483,-1,115.466,-1,115.383
112.359,91.1603,115.43,111.868,75.5117,100.999,-1,46.8629,116.014,114.173,30.9976,-1,-1,-1,114.734,-1,-1,-1,-1,116.857
114.482,86.5918,111.302,76.9361,-1,-1,-1,72.0595,-1,-1,-1,32.735,73.6174,107.45,110.807,-1,-1,69.7373,107.156,87.7072
-1,-1,92.8435,63.263,33.8756,43.8313,76.0138,-1,-1,80.2075,116.824,-1,116.931,-1,-1,46.9149,39.2316,44.2933,-1,-1
69.9886,81.192,-1,82.5265,115.842,116.465,116.59,109.611,-1,81.7754,111.569,-1,-1,58.8361,-1,-1,-1,-1,-1,48.595
-1,111.03,-1,110.757,116.756,105.326,95.3636,111.706,110.138,-1,110.708,73.2944,114.548,-1,-1,105.363,47.4217,116.702,-1,105.144
-1,-1,116.987,-1,-1,113.896,89.7735,87.7115,78.37,116.997,116.735,109.032,109.552,-1,42.8665,115.595,-1,-1,114.237,-1
-1,109.985,111.702,-1,112.223,106.706,56.6547,34.4764,54.2418,110.801,112.863,-1,114.961,-1,-1,95.8655,-1,-1,115.989,116.173
-1,-1,-1,-1,105.879,108.585,112.253,-1,116.925,-1,109.989,34.16,-1,-1,-1,115.482,109.356,69.4487,110.267,116.969
-1,33.9266,-1,-1,-1,-1,-1,-1,34.0741,98.0062,96.9959,116.487,-1,-1,72.5607,116.986,116.844,94.8849,113.678,53.5195
-1,100.773,-1,111.289,108.201,113.396,115.588,112.329,-1,-1,112.344,115.967,32.4775,-1,110.135,116.251,112.789,-1,-1,-1
74.2177,113.88,-1,-1,116.685,116.744,-1,-1,109.77,111.952,-1,111.631,-1,116.888,-1,116.956,116.949,-1,-1,115.81
-1,-1,-1,44.211,50.7638,112.977,-1,57.0656,-1,114.506,-1,-1,48.4453,-1,-1,-1,26.7321,53.0451,-1,-1
40.0713,104.492,-1,-1,116.998,-1,112.105,-1,84.5027,110.349,-1,-1,79.9397,116.065,98.5817,-1,51.7091,116.466,-1,-1
-1,116.836,114.497,110.343,116.098,116.988,116.667,56.0442,40.2668,116.969,108.244,46.4247,110.763,-1,114.193,-1,-1,-1,116.532,116.973
-1,-1,-1,116.938,116.014,73.8616,-1,115.702,109.356,116.267,-1,116.445,-1,104.801,112.494,43.5062,-1,-1,-1,116.756
-1,-1,115.965,116.99,116.9,115.221,111.031,-1,-1,116.284,116.735,41.1047,111.354,108.349,115.745,-1,111.92,116.691,-1,103.559
-1,89.9261,110.849,44.7988,112.503,116.991,116.941,-1,112.018,116.738,-1,116.983,-1,-1,116.359,-1,-1,-1,-1,-1
30.7263,-1,116.765,116.998,-1,116.777,115.184,-1,-1,-1,-1,-1,-1,110.891,-1,114.892,116.978,-1,113.643,104.047
-1,116.715,-1,-1,-1,116.986,114.609,-1,113.988,-1,116.768,-1,50.916,-1,112.039,-1,-1,112.449,108.973,-1
116.965,-1,-1,-1,116.973,116.91,-1,-1,-1,110.819,115.12,-1,116.812,-1,-1,39.7891,-1,110.746,116.817,-1
-1,85.4876,106.102,112.5,-1,116.237,-1,-1,-1,-1,-1,-1,-1,107.827,-1,110.879,115.559,85.3627,-1,111.823
116.915,110.353,51.261,7.05363,-1,-1,52.0994,113.191,-1,114.569,-1,114.33,-1,116.995,114.19,-1,-1,-1,115.458,115.545
-1,103.108,117.002,40.6891,-1,116.987,-1,-1,116.971,116.963,116.914,116.998,115.937,116.852,-1,116.997,110.846,115.601,116.998,116.993
