-1,-1,-1,-1,-1,-1,-1,-1,-1,-1,100.834,-1,-1,-1,-1,-1,-1,-1,-1,-1
-1,-1,-1,-1,-1,-1,-1,-1,-1,-1,-1,100.18,66.7719,27.6543,-1,-1,-1,-1,66.7987,-1
-1,8.13837,16.1875,-1,-1,-1,-1,-1,-1,51.195,-1,-1,-1,-1,-1,-1,17.1415,-1,-1,20.1308
77.5932,49.5583,-1,-1,-1,-1,-1,-1,-1,-1,-1,-1,-1,-1,-1,-1,62.6248,18.8324,62.0146,-1
-1,-1,-1,-1,-1,-1,-1,-1,57.3955,-1,94.0763,1.34292,-1,-1,75.3267,-1,-1,-1,52.3697,-1
-1,-1,-1,-1,-1,57.9936,88.1095,-1,-1,-1,-1,58.0868,-1,-1,-1,-1,-1,-1,-1,-1
-1,-1,-1,-1,-1,-1,-1,-1,-1,-1,-1,-1,-1,-1,-1,98.7473,-1,-1,-1,-1
-1,-1,-1,-1,-1,-1,-1,-1,-1,-1,-1,-1,-1,-1,-1,-1,-1,-1,-1,-1
-1,-1,-1,-1,-1,48.5939,-1,94.0805,-1,-1,54.9135,40.5502,-1,-1,52.448,-1,-1,-1,-1,63.3685
-1,6.3891,57.6819,-1,51.0462,-1,-1,43.935,-1,-1,-1,-1,-1,-1,-1,-1,-1,-1,-1,-1
-1,54.2394,-1,-1,-1,-1,-1,-1,55.0476,50.4604,-1,51.7019,-1,-1,-1,-1,-1,-1,-1,-1
-1,-1,-1,-1,-1,-1,-1,-1,-1,-1,-1,-1,-1,-1,-1,-1,-1,-1,105.28,-1
1.98186,-1,-1,-1,-1,-1,-1,-1,-1,-1,-1,-1,-1,-1,-1,-1,-1,9.32194,75.0502,39.1852
-1,-1,38.7773,15.4127,-1,-1,-1,106.01,-1,-1,-1,-1,-1,-1,67.6805,-1,-1,99.6161,68.4111,-1
-1,110.498,-1,-1,91.9448,57.4039,-1,-1,58.3213,-1,-1,-1,13.8911,-1,-1,-1,-1,15.3655,-1,-1
26.309,-1,-1,-1,-1,-1,-1,-1,-1,-1,-1,-1,-1,-1,-1,-1,-1,-1,-1,59.0239
46.6404,-1,-1,-1,-1,-1,-1,9.25057,83.7623,-1,-1,-1,-1,-1,-1,77.3219,-1,-1,-1,-1
-1,-1,-1,-1,-1,-1,-1,-1,14.5619,-1,-1,-1,-1,65.4073,-1,101.856,-1,-1,-1,-1
-1,-1,101.414,-1,-1,-1,-1,-1,-1,-1,-1,-1,-1,-1,-1,-1,73.516,-1,5.35303,40.9442
66.9732,-1,-1,-1,-1,70.1042,-1,-1,-1,-1,-1,41.1918,-1,-1,-1,-1,-1,-1,-1,40.2113
-1,-1,-1,-1,-1,-1,-1,-1,-1,64.3226,63.5737,-1,-1,21.2305,-1,-1,-1,-1,-1,-1
-1,-1,-1,-1,-1,-1,-1,-1,-1,-1,99.689,-1,-1,81.2188,62.3072,-1,74.3412,64.5071,-1,22.1016
-1,-1,-1,-1,-1,-1,-1,-1,-1,-1,-1,-1,10.9629,-1,52.8991,-1,-1,-1,24.0421,-1
-1,87.4837,-1,18.645,-1,-1,26.3879,-1,74.3543,-1,-1,-1,59.4254,-1,-1,4.8443,22.8017,5.88943,-1,-1
-1,-1,-1,-1,-1,-1,-1,-1,-1,-1,-1,-1,107.039,68.3978,-1,-1,-1,-1,-1,-1
55.692,88.7209,-1,60.5579,-1,-1,-1,-1,-1,-1,-1,-1,-1,-1,-1,-1,33.4915,-1,25.6662,57.6126
-1,-1,-1,-1,-1,-1,-1,67.4844,-1,-1,-1,63.083,46.7485,88.7269,-1,-1,-1,-1,-1,43.6286
-1,49.2369,-1,-1,-1,88.7929,57.208,-1,-1,6.11464,-1,-1,-1,47.2054,-1,-1,-1,-1,-1,-1
-1,-1,-1,-1,-1,-1,-1,-1,-1,-1,103.778,-1,-1,67.4425,-1,-1,-1,-1,-1,-1
-1,-1,-1,-1,-1,-1,26.407,27.7865,-1,-1,-1,8.93337,-1,62.5449,-1,-1,-1,-1,-1,100.539
-1,32.2932,-1,-1,-1,88.7648,-1,-1,-1,-1,-1,24.9106,34.9476,-1,100.197,-1,-1,27.2815,-1,-1
-1,-1,-1,-1,71.0791,-1,-1,-1,28.2105,59.3779,-1,-1,18.4142,74.3849,-1,-1,-1,-1,-1,-1
-1,-1,-1,-1,-1,-1,-1,29.9538,-1,-1,-1,-1,61.6663,-1,-1,-1,-1,-1,-1,75.2063
57.1422,-1,-1,-1,-1,-1,-1,-1,-1,-1,57.4019,-1,90.6228,-1,-1,-1,-1,-1,-1,-1
-1,89.7249,-1,-1,-1,-1,-1,-1,-1,57.1977,-1,-1,-1,-1,-1,-1,80.5331,-1,-1,-1
-1,48.8701,-1,-1,44.0138,-1,7.02821,-1,-1,54.4623,-1,-1,-1,-1,-1,-1,-1,80.4873,49.7916,-1
-1,-1,-1,-1,49.948,-1,-1,55.4924,-1,-1,-1,57.1288,-1,-1,-1,-1,-1,-1,-1,-1
-1,-1,-1,-1,-1,-1,-1,-1,-1,-1,-1,-1,73.8601,-1,-1,32.5332,-1,107.791,-1,49.5273
-1,-1,-1,-1,-1,-1,-1,56.447,-1,-1,11.6449,-1,-1,-1,-1,67.0056,-1,-1,-1,-1
46.5174,-1,78.4803,-1,80.0249,57.9821,-1,-1,-1,72.7357,-1,-1,16.3542,-1,56.8557,-1,-1,-1,-1,-1
-1,10.4982,-1,-1,-1,-1,-1,-1,108.44,-1,-1,-1,-1,-1,-1,-1,-1,-1,-1,55.4083
49.8146,-1,-1,-1,-1,-1,-1,110.484,-1,-1,83.8612,70.7547,24.9426,110.09,56.7137,-1,-1,-1,-1,-1
-1,-1,-1,-1,-1,-1,-1,-1,-1,-1,52.4441,81.3639,-1,-1,112.185,-1,-1,-1,-1,18
-1,-1,-1,-1,-1,104.852,-1,-1,55.3018,-1,-1,-1,-1,-1,-1,-1,-1,-1,-1,-1
-1,-1,-1,85.8818,21.0125,-1,92.1607,8.57486,-1,-1,-1,53.8418,-1,-1,-1,-1,-1,-1,-1,12.9647
-1,50.1599,-1,109.517,-1,-1,-1,-1,-1,95.4213,-1,66.5604,94.1507,-1,18.8896,-1,-1,-1,-1,-1
-1,-1,-1,-1,71.8292,-1,-1,-1,37.7006,-1,-1,-1,-1,-1,-1,-1,98.233,-1,-1,-1
-1,-1,-1,-1,-1,-1,-1,-1,-1,-1,-1,48.1797,-1,-1,-1,-1,-1,-1,-1,78.7764
-1,6.36312,-1,-1,-1,-1,-1,-1,-1,-1,-1,77.3905,40.4961,76.4741,49.2137,-1,54.1495,25.7782,-1,-1
-1,-1,98.6555,-1,-1,-1,-1,-1,52.8627,-1,-1,57.5543,-1,-1,104.456,-1,-1,-1,69.2969,-1
-1,-1,-1,59.4825,-1,-1,59.1932,-1,-1,-1,-1,-1,-1,9.19951,-1,-1,54.9139,-1,-1,-1
-1,-1,-1,77.7232,20.1005,-1,102.099,25.7282,-1,-1,60.392,5.47096,-1,-1,-1,-1,-1,-1,38.973,-1
-1,-1,-1,-1,-1,-1,-1,-1,39.2108,58.269,-1,-1,-1,-1,-1,58.6507,63.7031,-1,-1,89.9164
36.3827,44.5637,-1,53.2394,-1,-1,-1,-1,-1,-1,-1,-1,-1,-1,-1,-1,-1,-1,-1,-1
-1,-1,-1,-1,-1,-1,-1,49.2871,-1,33.6787,-1,-1,-1,-1,-1,-1,-1,-1,-1,106.723
72.7374,-1,37.0301,-1,57.535,-1,-1,75.2789,-1,-1,-1,-1,-1,60.8956,-1,-1,-1,-1,-1,-1
-1,-1,-1,-1,-1,-1,-1,-1,-1,-1,-1,-1,-1,-1,-1,-1,-1,-1,-1,-1
-1,-1,-1,-1,52.9461,-1,-1,-1,-1,59.4487,-1,-1,-1,-1,14.0862,-1,-1,-1,-1,-1
-1,-1,-1,-1,-1,-1,-1,-1,-1,38.0519,-1,-1,59.989,-1,-1,-1,-1,-1,48.8991,-1
-1,-1,-1,-1,-1,-1,-1,74.4467,-1,68.5167,-1,-1,-1,-1,-1,-1,-1,-1,-1,-1
-1,15.2858,-1,-1,-1,-1,-1,-1,-1,-1,-1,-1,-1,61.0715,-1,-1,9.83744,-1,55.7866,41.0348
-1,-1,-1,-1,-1,-1,110.07,-1,-1,-1,-1,-1,-1,-1,-1,-1,-1,-1,-1,-1
66.1595,-1,-1,-1,-1,-1,-1,-1,-1,-1,-1,76.387,-1,-1,70.9821,-1,-1,84.1388,-1,-1
-1,-1,-1,-1,-1,-1,-1,60.7554,-1,-1,63.8628,99.4156,41.1542,-1,-1,-1,-1,50.3282,-1,-1
-1,-1,-1,-1,76.844,-1,-1,-1,-1,-1,51.1029,-1,-1,-1,-1,-1,-1,58.2169,-1,-1
-1,-1,-1,-1,-1,-1,72.5925,-1,72.7181,44.1068,-1,95.3201,-1,-1,-1,-1,-1,87.2228,-1,-1
-1,-1,-1,-1,-1,-1,-1,-1,-1,-1,14.9105,-1,75.0569,-1,55.6015,-1,-1,-1,-1,109.284
-1,-1,47.8361,-1,-1,-1,-1,-1,43.2793,53.1421,-1,-1,-1,-1,-1,-1,-1,90.5559,-1,58.0918
-1,55.8244,25.2435,-1,-1,-1,-1,-1,-1,-1,-1,53.0758,-1,-1,-1,-1,-1,-1,89.3013,52.6516
-1,-1,-1,-1,92.837,-1,38.4958,39.7905,-1,-1,47.954,-1,-1,-1,-1,-1,-1,68.3547,22.5106,-1
108.168,50.6303,-1,-1,-1,-1,-1,-1,-1,-1,-1,73.6624,-1,-1,-1,61.2188,-1,-1,54.8657,92.3242
-1,-1,-1,-1,-1,-1,-1,83.4356,51.1459,-1,-1,16.3483,23.2119,-1,-1,-1,76.8342,-1,-1,-1
-1,-1,-1,55.1208,-1,-1,-1,-1,-1,-1,-1,-1,68.5089,-1,-1,-1,-1,-1,34.6877,73.5872
-1,-1,54.5441,-1,-1,-1,-1,-1,-1,84.2403,12.1624,-1,-1,-1,-1,-1,-1,-1,-1,-1
-1,59.5322,-1,17.4388,-1,-1,62.6569,57.3831,-1,-1,67.2772,-1,-1,85.1013,57.2659,-1,-1,-1,-1,-1
-1,80.6075,-1,-1,-1,16.129,-1,-1,-1,57.0267,-1,83.8437,35.1397,-1,79.8068,-1,87.3124,-1,-1,-1
-1,-1,-1,-1,61.1111,-1,-1,-1,-1,-1,-1,-1,-1,-1,68.3654,-1,83.703,74.7961,-1,-1
-1,-1,-1,-1,-1,-1,-1,47.5283,13.1243,-1,-1,82.6468,-1,-1,-1,-1,-1,-1,-1,-1
-1,-1,-1,-1,-1,-1,-1,66.0198,-1,67.6066,55.5683,53.8755,66.4314,-1,-1,-1,-1,-1,-1,-1
-1,-1,-1,-1,-1,-1,-1,-1,29.5493,-1,-1,-1,-1,-1,-1,-1,77.1011,-1,-1,41.6495
-1,-1,52.9031,58.2215,-1,-1,69.0838,63.9991,76.0206,-1,-1,-1,-1,-1,-1,-1,-1,-1,12.1914,-1
-1,27.3955,-1,-1,-1,-1,70.5979,-1,-1,-1,-1,-1,-1,39.9526,62.8094,25.9475,-1,-1,49.6432,-1
-1,72.5519,-1,68.5478,-1,-1,-1,-1,84.5468,-1,-1,-1,10.6094,59.7131,-1,-1,78.8458,-1,7.03672,110.822
-1,-1,-1,-1,-1,-1,-1,-1,-1,-1,-1,-1,-1,56.2246,-1,108.921,-1,-1,-1,109.994
-1,-1,44.1083,58.846,-1,-1,-1,87.0549,-1,-1,-1,50.2997,-1,40.5274,-1,-1,-1,51.041,-1,-1
-1,-1,-1,-1,-1,-1,-1,-1,114.85,-1,-1,-1,-1,-1,-1,115.968,-1,-1,-1,-1
-1,73.391,-1,-1,-1,-1,-1,-1,-1,111.305,-1,-1,-1,-1,22.3131,-1,53.3859,59.4072,-1,-1
115.761,-1,-1,-1,-1,-1,-1,-1,-1,-1,-1,-1,-1,-1,-1,-1,-1,-1,-1,-1
-1,21.5625,77.7729,-1,-1,-1,37.7241,-1,-1,-1,-1,-1,-1,-1,-1,-1,43.1349,55.3743,-1,-1
-1,-1,98.3665,-1,61.5413,45.5341,-1,-1,-1,116.642,-1,41.3694,75.1938,101.368,116.943,-1,40.7349,14.6622,29.0942,-1
-1,-1,-1,-1,-1,-1,-1,-1,-1,-1,-1,-1,-1,-1,116.776,-1,-1,-1,-1,-1
-1,-1,-1,-1,-1,-1,49.4653,-1,-1,-1,-1,-1,-1,-1,16.8872,3.72465,16.722,-1,47.7874,-1
-1,14.7669,47.5578,-1,-1,-1,46.5431,-1,-1,-1,-1,67.383,59.5968,-1,-1,-1,69.7621,-1,81.7491,-1
-1,-1,-1,-1,-1,-1,-1,-1,-1,-1,-1,-1,-1,-1,-1,-1,114.105,-1,-1,-1
-1,57.0936,53.7128,-1,-1,-1,-1,-1,50.4757,-1,57.0995,-1,34.0594,-1,-1,-1,-1,58.13,-1,-1
-1,-1,-1,-1,68.1836,31.3458,112.058,29.839,-1,-1,-1,-1,34.2609,64.9501,-1,51.7979,-1,-1,-1,-1
-1,-1,-1,-1,-1,-1,-1,-1,-1,-1,-1,-1,-1,-1,-1,-1,-1,-1,-1,-1
-1,-1,96.2904,-1,-1,33.2879,-1,-1,-1,-1,57.4269,-1,-1,60.5114,-1,-1,-1,-1,-1,-1
-1,-1,116.117,-1,109.885,41.1141,-1,-1,-1,-1,-1,-1,-1,64.5325,-1,-1,99.1603,-1,77.2035,105.909
-1,-1,-1,-1,-1,-1,-1,-1,-1,-1,-1,-1,-1,-1,-1,-1,-1,-1,-1,114.181
-1,-1,-1,-1,-1,-1,-1,-1,-1,-1,-1,-1,-1,-1,-1,-1,117.135,-1,-1,-1
9.27321,61.2043,-1,-1,-1,-1,-1,-1,-1,-1,-1,-1,37.9078,-1,-1,-1,-1,69.1017,-1,-1
52.976,-1,-1,47.6365,-1,-1,-1,-1,-1,50.6699,99.5554,43.4907,-1,-1,45.4815,-1,-1,106.137,82.5726,114.376
-1,-1,-1,-1,-1,-1,-1,60.6927,-1,-1,63.1838,68.841,8.46781,-1,-1,-1,-1,47.0128,-1,-1
-1,46.1396,-1,-1,42.1583,-1,-1,71.2401,47.6862,-1,104.535,72.7834,-1,-1,-1,-1,80.6597,109.19,-1,-1
-1,-1,-1,-1,-1,-1,-1,-1,113.169,-1,-1,-1,-1,-1,-1,-1,-1,-1,-1,-1
-1,86.0996,-1,-1,-1,-1,-1,-1,-1,-1,115.711,-1,-1,84.5327,-1,-1,45.1514,-1,-1,-1
-1,-1,38.1106,-1,-1,-1,43.5623,-1,-1,-1,80.9881,44.1788,-1,-1,-1,-1,-1,-1,-1,-1
-1,-1,-1,-1,-1,-1,-1,-1,-1,-1,-1,-1,-1,-1,-1,-1,-1,-1,-1,-1
-1,67.0967,-1,69.7613,-1,-1,-1,-1,-1,-1,72.6781,-1,96.636,-1,-1,65.3705,-1,75.0726,-1,-1
-1,-1,44.9396,-1,-1,50.86,-1,54.9043,-1,108.758,-1,-1,1.96553,-1,-1,-1,53.2114,-1,-1,54.5223
-1,-1,63.1582,9.19695,10.3071,64.7205,-1,-1,-1,119.812,-1,-1,-1,-1,-1,-1,-1,47.7558,69.615,-1
-1,-1,-1,33.5489,-1,-1,45.5624,-1,59.9488,69.8816,-1,-1,-1,48.5123,-1,-1,-1,57.0491,-1,97.3512
-1,-1,-1,48.4981,-1,-1,12.0071,52.2436,-1,39.3103,-1,-1,-1,76.9565,-1,-1,-1,-1,-1,44.448
-1,99.8265,-1,-1,-1,-1,-1,-1,-1,-1,-1,-1,-1,11.4693,50.7457,-1,-1,112.607,-1,-1
-1,-1,-1,-1,3.83664,-1,105.8,51.8159,-1,-1,-1,64.7214,50.843,-1,-1,-1,46.4226,-1,-1,-1
-1,38.0922,-1,-1,-1,-1,-1,-1,-1,-1,-1,-1,16.7428,-1,-1,-1,-1,-1,-1,59.9631
-1,-1,-1,73.9155,64.8664,-1,-1,19.1639,-1,63.1399,-1,-1,-1,-1,-1,-1,-1,84.897,-1,74.1721
-1,-1,-1,40.6033,-1,-1,-1,103.813,-1,-1,108.711,-1,-1,-1,-1,-1,-1,-1,98.8756,-1
-1,-1,-1,-1,51.8456,48.2142,-1,-1,-1,-1,-1,-1,-1,-1,45.3101,-1,15.7991,-1,-1,-1
-1,60.948,-1,85.1,45.9145,-1,57.9826,-1,-1,-1,-1,-1,-1,-1,-1,-1,-1,-1,-1,57.5114
-1,-1,-1,104.063,-1,-1,-1,-1,58.1057,-1,-1,-1,-1,-1,-1,-1,-1,-1,-1,-1
25.9824,-1,-1,34.0152,-1,-1,-1,-1,-1,-1,67.6933,-1,-1,-1,54.1923,88.7112,-1,70.0955,-1,-1
-1,-1,-1,-1,61.5183,-1,-1,-1,-1,-1,-1,-1,-1,-1,109.182,-1,-1,-1,-1,-1
-1,-1,-1,-1,-1,-1,-1,52.8887,-1,-1,-1,-1,-1,-1,-1,-1,-1,-1,-1,21.7768
-1,-1,50.9843,29.5665,48.1155,-1,-1,32.0733,-1,-1,-1,-1,-1,-1,-1,-1,-1,-1,19.6479,-1
-1,41.4462,-1,20.9426,-1,7.05433,-1,57.558,-1,-1,42.2526,-1,-1,-1,-1,-1,-1,95.8797,-1,-1
-1,-1,56.8687,-1,3.09495,-1,50.8441,-1,-1,-1,-1,27.0087,-1,-1,-1,-1,-1,-1,-1,-1
56.3888,58.3871,-1,-1,-1,-1,-1,-1,85.402,-1,108.47,43.5846,-1,-1,52.7324,26.5126,49.0047,73.4374,43.2663,-1
-1,-1,-1,54.468,116.232,-1,37.8851,-1,116.472,-1,-1,-1,-1,-1,-1,-1,-1,-1,48.9592,-1
-1,32.1366,-1,48.3183,-1,-1,-1,-1,95.615,-1,-1,-1,-1,-1,-1,4.39847,82.4812,-1,-1,-1
99.2334,-1,-1,3.1275,-1,49.5761,63.0305,-1,62.4457,77.1216,-1,21.9802,-1,-1,-1,61.0373,95.8512,-1,-1,-1
-1,21.2118,-1,65.8597,-1,-1,-1,-1,-1,70.6737,87.2539,-1,-1,111.374,-1,-1,-1,36.4966,70.8039,-1
-1,95.0235,-1,-1,-1,-1,-1,70.1874,-1,-1,-1,-1,-1,-1,76.5964,109.98,-1,-1,-1,-1
-1,-1,-1,-1,-1,56.6045,-1,44.092,86.2809,42.9499,-1,-1,-1,-1,76.67,84.175,-1,-1,66.4718,-1
-1,49.4783,40.5358,-1,-1,-1,65.8981,-1,-1,107.274,-1,-1,-1,-1,26.373,29.6492,-1,76.2024,-1,-1
-1,-1,21.6461,-1,-1,-1,-1,-1,-1,65.7636,72.0096,-1,-1,-1,-1,14.4963,59.2702,-1,67.8368,-1
-1,-1,-1,-1,-1,-1,-1,84.0444,-1,102.926,7.35037,-1,-1,-1,-1,-1,70.673,-1,113.141,-1
-1,-1,-1,63.4809,-1,45.3082,54.5423,59.2757,-1,-1,-1,10.2002,-1,-1,81.3076,-1,-1,-1,-1,-1
-1,61.6233,-1,55.9809,-1,-1,-1,74.0051,93.9582,55.7893,61.0901,-1,61.0446,68.1529,-1,-1,-1,-1,49.3176,-1
-1,-1,-1,-1,15.7907,66.8517,-1,103.401,-1,-1,-1,43.9048,-1,-1,-1,-1,-1,50.6193,44.659,-1
-1,29.8479,-1,-1,-1,-1,-1,96.6514,63.6796,-1,-1,-1,-1,-1,-1,-1,40.2097,-1,19.6856,-1
-1,-1,-1,-1,-1,-1,-1,-1,54.7809,-1,-1,51.7307,120.24,-1,37.3876,-1,-1,-1,-1,-1
-1,-1,36.0269,-1,-1,-1,-1,-1,58.5948,-1,-1,23.3955,-1,-1,-1,56.9062,-1,-1,-1,-1
-1,-1,-1,-1,-1,-1,-1,-1,-1,92.3226,-1,-1,-1,-1,-1,66.5545,-1,42.1208,-1,-1
-1,-1,-1,-1,67.6218,-1,-1,-1,62.342,-1,-1,-1,52.7089,-1,-1,9.10453,-1,-1,-1,-1
-1,-1,-1,-1,-1,-1,-1,78.206,5.92218,-1,-1,21.9587,-1,56.8152,-1,-1,47.856,-1,-1,76.5532
-1,84.8007,-1,-1,-1,59.1365,-1,20.2618,82.4798,-1,45.005,-1,-1,-1,-1,-1,-1,-1,-1,-1
-1,-1,-1,-1,-1,-1,112.588,101.573,77.1493,-1,-1,-1,-1,57.6102,-1,-1,-1,62.7878,-1,-1
-1,-1,69.1191,-1,13.5295,-1,-1,-1,-1,-1,-1,-1,-1,118.612,-1,-1,-1,49.6256,-1,68.7609
-1,-1,-1,77.4619,-1,-1,34.9524,-1,103.88,-1,-1,-1,57.2647,44.0816,-1,-1,-1,-1,-1,27.2119
-1,-1,-1,-1,-1,-1,-1,14.8892,60.5714,-1,86.5325,-1,-1,10.9721,-1,-1,-1,-1,-1,-1
-1,55.1923,46.0296,-1,-1,-1,103.874,-1,-1,-1,-1,-1,-1,-1,-1,-1,-1,-1,-1,-1
68.1609,-1,-1,-1,-1,-1,101.823,-1,-1,-1,-1,-1,-1,-1,-1,34.5908,52.1539,-1,-1,-1
-1,-1,-1,63.5432,-1,-1,55.8349,68.7013,-1,-1,58.9608,-1,-1,-1,-1,59.8114,-1,-1,-1,-1
-1,-1,9.96484,-1,-1,-1,-1,-1,60.4644,-1,-1,-1,-1,-1,-1,-1,56.8464,-1,51.084,-1
-1,-1,-1,-1,6.9691,45.0938,34.4366,-1,-1,-1,56.2948,43.2496,-1,114.435,98.1566,-1,48.5996,53.5208,-1,-1
-1,-1,-1,60.3429,-1,4.94147,-1,35.3898,-1,-1,-1,-1,57.3282,41.3972,-1,94.2151,76.1502,-1,-1,-1
64.6778,55.1082,-1,-1,63.2784,-1,36.3843,-1,-1,-1,-1,68.0273,-1,57.8234,-1,-1,-1,60.0687,5.59237,49.9318
-1,-1,-1,-1,-1,-1,-1,-1,-1,-1,-1,-1,-1,-1,-1,-1,-1,-1,-1,-1
-1,-1,-1,-1,-1,62.9192,-1,-1,-1,62.9285,-1,-1,-1,83.3486,-1,54.8517,68.9803,-1,-1,21.2674
55.346,-1,-1,68.9239,-1,90.4374,-1,-1,-1,-1,118.543,46.4005,-1,84.7286,-1,25.8482,57.7481,-1,-1,-1
53.176,-1,-1,-1,-1,-1,-1,-1,-1,-1,-1,-1,-1,57.112,58.5934,59.2473,-1,49.5583,-1,-1
83.26,-1,95.5596,-1,-1,-1,-1,58.8288,-1,66.634,-1,52.9446,-1,39.0679,-1,-1,-1,-1,-1,-1
-1,-1,-1,88.7558,-1,-1,-1,68.0108,-1,63.9938,-1,-1,53.1023,52.9696,-1,-1,50.8338,-1,-1,-1
119.646,-1,-1,-1,-1,54.038,30.9518,-1,-1,113.166,49.6991,-1,-1,88.2297,-1,-1,-1,-1,77.5291,70.5535
-1,-1,6.84747,-1,-1,88.6549,57.0207,48.9212,-1,-1,62.7767,-1,-1,75.5712,71.1081,-1,-1,-1,-1,-1
-1,86.237,-1,-1,-1,60.0154,69.1952,-1,-1,57.0198,-1,92.1821,-1,-1,65.1637,47.2676,55.3642,-1,-1,-1
106.986,86.6845,-1,-1,-1,64.205,-1,-1,47.9131,26.2777,53.5208,-1,-1,56.8192,-1,57.9268,-1,-1,89.3619,-1
-1,-1,-1,-1,-1,104.639,-1,-1,-1,62.1044,67.4913,-1,-1,-1,-1,-1,-1,47.2061,-1,-1
-1,-1,-1,-1,59.1199,-1,60.537,-1,-1,-1,58.2652,-1,-1,-1,98.857,-1,-1,-1,-1,-1
49.3382,58.5028,44.0788,80.698,-1,-1,60.979,-1,-1,-1,-1,71.6259,96.4382,-1,56.1124,-1,6.42265,-1,6.60378,-1
-1,53.8245,-1,85.2112,-1,49.6436,62.8524,-1,-1,59.1455,-1,-1,-1,-1,-1,35.2154,-1,39.0961,-1,-1
51.6519,-1,-1,-1,-1,-1,52.2683,-1,-1,-1,-1,77.7259,-1,-1,-1,26.0203,54.7975,-1,108.61,-1
-1,-1,-1,-1,-1,-1,-1,61.2262,120.249,-1,-1,-1,-1,-1,-1,-1,-1,58.707,-1,55.0352
-1,-1,-1,-1,40.4442,-1,-1,-1,-1,71.4809,-1,-1,-1,18.191,56.3175,18.0885,62.0014,-1,-1,-1
-1,-1,-1,-1,-1,-1,58.5458,-1,-1,-1,-1,-1,-1,91.5545,-1,-1,-1,-1,7.76212,-1
119.935,-1,-1,-1,-1,-1,-1,-1,-1,63.701,-1,-1,-1,-1,-1,36.5745,-1,51.2009,69.8687,53.3782
80.4463,-1,53.0263,-1,44.9567,-1,-1,-1,-1,-1,-1,-1,-1,-1,96.7191,-1,-1,-1,-1,111.854
111.775,106.84,-1,-1,40.8152,-1,-1,-1,-1,-1,54.1308,-1,-1,46.7185,69.8998,-1,119.252,-1,61.1836,-1
-1,84.0979,-1,-1,-1,-1,43.7146,-1,-1,-1,24.5594,55.029,-1,-1,-1,-1,36.4693,37.0496,86.4631,-1
65.6385,-1,-1,-1,-1,44.2045,58.78,-1,-1,-1,54.903,-1,-1,-1,-1,-1,20.2781,-1,114.393,-1
-1,56.12,80.8587,-1,-1,-1,101.106,109.171,-1,64.7055,-1,-1,-1,86.3063,-1,57.0311,-1,49.9149,-1,-1
-1,-1,-1,-1,-1,-1,68.7532,-1,-1,-1,-1,-1,60.5333,-1,-1,62.7281,-1,38.7529,-1,-1
38.738,-1,-1,-1,-1,-1,48.1509,29.4911,-1,-1,-1,-1,-1,-1,-1,56.1149,-1,-1,3.29233,-1
119.747,-1,64.0362,-1,60.6742,-1,-1,7.01574,-1,-1,-1,-1,-1,-1,-1,37.1723,-1,-1,-1,58.307
56.0334,46.848,62.71,-1,53.2113,-1,-1,-1,-1,-1,55.5911,56.1605,-1,-1,-1,118.528,-1,-1,-1,38.2426
58.7954,60.2856,60.5932,113.204,-1,113.18,-1,-1,82.4892,-1,53.7248,-1,-1,56.2098,87.9031,-1,-1,-1,-1,-1
-1,56.7927,44.0268,52.8751,-1,-1,-1,-1,120.219,-1,-1,-1,-1,58.6565,78.2021,-1,-1,-1,-1,-1
-1,45.7261,-1,64.6874,-1,-1,-1,-1,-1,-1,-1,-1,-1,74.8685,-1,112.776,-1,-1,72.9625,50.1341
-1,75.5525,-1,-1,-1,-1,79.0812,59.36,-1,-1,-1,-1,53.8778,-1,61.5153,-1,52.794,-1,39.3903,-1
-1,-1,-1,46.4116,44.6824,119.592,-1,50.8734,-1,-1,-1,-1,-1,-1,90.6504,-1,-1,-1,-1,-1
-1,-1,-1,75.1789,61.4569,112.37,-1,-1,-1,51.0378,114.443,-1,78.8442,60.9492,-1,-1,-1,69.4505,46.7147,-1
-1,118.063,-1,59.5649,89.1485,-1,70.3057,-1,-1,-1,72.8145,-1,-1,-1,-1,120.154,-1,-1,-1,-1
81.435,-1,-1,-1,-1,50.402,-1,118.782,-1,-1,60.1584,53.5944,54.4026,-1,-1,110.229,-1,94.0012,-1,-1
-1,-1,-1,-1,-1,-1,23.6222,-1,115.469,-1,-1,47.8504,65.0041,-1,-1,61.6381,-1,-1,74.0771,112.564
53.6828,-1,-1,-1,-1,-1,-1,35.6546,120.534,-1,78.2337,-1,67.7765,56.6961,70.1431,56.2571,-1,-1,-1,108.743
-1,-1,43.5159,-1,64.3112,-1,-1,-1,-1,-1,-1,105.459,-1,116.84,-1,6.76261,-1,-1,-1,-1
-1,-1,-1,48.0822,79.762,-1,43.3459,-1,-1,-1,66.3578,-1,-1,-1,-1,-1,-1,109.516,-1,-1
-1,-1,-1,-1,-1,-1,-1,102.612,-1,-1,72.3051,-1,-1,111.538,-1,-1,-1,60.0173,-1,-1
-1,81.1991,-1,-1,55.9973,108.442,-1,-1,50.8166,-1,98.8388,50.2567,-1,-1,56.2663,-1,-1,-1,-1,112.134
-1,49.2514,-1,10.2515,56.3292,119.239,-1,-1,59.4644,-1,66.6124,-1,-1,-1,-1,29.8615,-1,-1,55.6132,66.1998
-1,-1,72.9588,21.2759,-1,61.1461,109.413,114.437,-1,-1,-1,-1,24.4131,30.2182,-1,-1,-1,10.6096,66.217,45.5158
43.9112,96.151,8.25979,-1,60.5193,115.498,-1,-1,-1,68.8496,-1,-1,-1,-1,115.327,-1,-1,-1,73.404,37.0952
48.8335,-1,-1,-1,-1,115.057,106.236,-1,30.5251,-1,-1,83.5779,-1,-1,115.214,85.6011,52.5973,-1,-1,-1
42.8964,-1,-1,119.517,83.886,58.5426,-1,63.6286,109.04,-1,39.7223,-1,-1,56.2539,-1,61.6785,-1,26.6228,-1,116.042
-1,-1,-1,-1,-1,107.894,-1,56.0631,26.8934,-1,-1,-1,89.6186,30.8937,-1,-1,54.0266,-1,-1,-1
-1,-1,58.4089,-1,-1,-1,-1,-1,-1,-1,-1,70.5179,103.669,57.2641,91.2675,-1,10.2367,-1,-1,-1
-1,37.6233,-1,-1,-1,-1,-1,-1,-1,-1,-1,81.4148,-1,-1,119.789,100.96,-1,57.0411,-1,-1
-1,-1,77.5467,-1,-1,103.498,-1,-1,-1,65.8069,63.4563,-1,-1,-1,92.6661,38.4697,-1,-1,-1,-1
62.0898,-1,-1,-1,95.3928,47.2884,102.792,-1,58.1225,66.9805,-1,67.4292,71.2334,-1,-1,-1,22.4334,46.4993,-1,-1
-1,-1,43.2639,-1,-1,-1,-1,-1,120.135,-1,57.4376,56.7823,114.46,58.7304,52.1683,49.0907,-1,-1,-1,-1
-1,120.131,-1,-1,-1,-1,-1,51.5596,-1,-1,64.6095,-1,-1,-1,-1,92.6967,78.8925,78.794,-1,-1
59.988,-1,34.2678,57.079,-1,18.5346,-1,-1,-1,115.924,118.153,-1,78.2277,-1,-1,-1,-1,-1,110.858,76.1483
117.589,-1,-1,-1,58.4784,-1,-1,112.228,113.167,-1,-1,88.0909,-1,-1,-1,-1,109.479,-1,-1,33.7893
65.2648,2.63201,38.2601,-1,-1,-1,-1,-1,103.906,-1,120.47,57.8558,61.1299,64.2564,64.914,-1,109.801,-1,-1,61.6254
15.719,-1,20.9727,-1,-1,-1,-1,72.0613,-1,-1,-1,84.4386,-1,114.301,-1,59.8007,113.147,96.6691,-1,69.3487
-1,45.4317,-1,-1,-1,-1,-1,44.5735,51.2053,53.7384,47.2151,-1,-1,-1,-1,69.2598,-1,-1,117.467,-1
89.0396,48.7504,55.432,-1,37.9662,-1,-1,61.116,-1,63.5977,51.0524,48.1048,-1,58.6961,25.0368,-1,-1,-1,-1,72.2917
-1,111.112,100.411,108.967,-1,57.6157,-1,-1,-1,-1,9.75257,-1,-1,-1,66.0001,-1,41.6819,-1,-1,-1
71.3466,102.209,-1,-1,-1,59.3066,-1,-1,53.5768,-1,-1,-1,55.3655,-1,-1,102.869,-1,-1,98.7872,-1
46.8894,84.9252,-1,-1,-1,49.3405,-1,-1,41.4365,-1,-1,-1,57.0498,60.0314,90.6925,115.551,-1,59.9331,59.7627,38.2296
-1,111.986,-1,-1,93.9694,-1,-1,75.3191,86.9404,-1,83.9703,-1,90.8108,103.769,111.485,-1,-1,-1,-1,50.8468
-1,-1,120.524,116.26,51.1405,69.0572,24.0484,112.058,-1,-1,-1,120.503,51.0334,71.0073,60.4077,-1,-1,120.463,-1,-1
-1,-1,-1,-1,-1,56.3039,-1,112.941,-1,65.2021,-1,-1,56.529,101.426,42.8746,119.968,120.087,-1,113.396,-1
108.086,-1,68.9841,51.864,-1,-1,120.529,42.0061,-1,36.2894,-1,105.209,-1,-1,71.9733,117.083,-1,59.7735,120.517,-1
-1,52.7125,86.4764,-1,98.7724,-1,119.945,51.2076,81.3755,-1,-1,120.588,-1,-1,99.4601,114.151,-1,-1,-1,3.18236
-1,55.9094,-1,-1,96.293,-1,36.9241,-1,49.406,-1,52.9333,65.1037,57.0794,50.0426,54.6655,118.178,111.811,-1,113.951,78.0402
61.0815,65.5521,63.8526,59.2355,120.246,82.0503,49.595,70.2831,-1,-1,26.2026,114.257,109.989,-1,-1,-1,60.2286,-1,-1,52.3697
-1,-1,63.081,-1,66.0173,90.8968,115.118,-1,63.0005,90.6033,-1,-1,62.9592,-1,-1,-1,91.7189,119.76,106.067,-1
-1,60.5053,74.9036,-1,112.717,-1,44.8417,33.7383,-1,46.6876,-1,-1,118.369,-1,-1,51.4285,57.4678,-1,-1,-1
92.2194,-1,-1,112.212,114.751,-1,-1,41.7076,-1,49.9682,-1,-1,116.59,-1,-1,115.172,107.359,-1,-1,119.884
58.3137,42.6031,54.6622,-1,115.393,30.5407,89.3472,-1,35.7939,68.7594,-1,-1,-1,85.8094,-1,-1,-1,105.642,-1,101.895
98.5827,34.05,35.3358,-1,113.368,-1,-1,-1,44.4529,-1,-1,-1,55.036,61.0476,117.773,54.307,-1,57.7033,-1,44.125
74.1548,-1,103.826,-1,-1,9.56594,-1,58.9192,54.1395,56.5012,-1,-1,-1,44.5487,114.328,99.9671,18.543,-1,-1,120.605
-1,-1,37.9616,104.751,34.0123,55.8561,-1,120.61,110.977,115.451,-1,82.4979,115.312,-1,-1,-1,75.6748,-1,58.1646,-1
-1,40.2093,-1,-1,109.594,120.742,-1,112.753,62.5247,120.369,110.644,35.041,60.1879,-1,-1,-1,-1,48.008,86.8231,87.1853
72.9442,-1,-1,53.9869,116.329,60.2449,55.1018,115.494,107.285,115.152,58.8083,23.7188,-1,58.8232,49.2433,-1,33.2189,29.3931,110.957,120.312
55.5176,108.603,-1,105.353,-1,-1,-1,74.2634,-1,119.819,120.711,110.883,-1,-1,67.6429,23.5454,-1,107.274,-1,-1
-1,-1,87.7047,111.008,-1,-1,-1,-1,61.2755,106.602,56.858,-1,-1,-1,-1,36.6452,59.6148,118.681,84.8299,57.185
-1,-1,32.9039,113.691,85.5488,55.6885,-1,4.84477,1.74037,59.6238,118.239,-1,49.7614,44.9411,51.4953,-1,-1,81.8972,-1,57.0924
61.1257,-1,-1,109.254,60.4251,51.8813,-1,-1,-1,114.227,120.649,119.783,60.8467,118.709,-1,-1,99.215,101.346,57.1384,-1
48.2865,106.067,-1,120.755,44.3861,-1,-1,114.343,114.688,-1,-1,-1,-1,120.781,57.9879,-1,-1,60.3175,-1,53.8114
71.3652,61.6771,42.2724,120.473,-1,115.276,112.719,113.484,120.838,31.3306,-1,114.516,27.9181,120.602,114.487,109.288,-1,27.0868,118.337,119.897
56.0561,-1,-1,60.8507,-1,118.252,-1,-1,-1,111.177,-1,69.9297,69.2031,-1,113.108,118.065,117.436,58.714,-1,66.5078
48.4382,-1,-1,-1,59.493,-1,61.2021,116.025,117.834,-1,60.5641,114.965,47.3483,-1,119.357,115.675,120.791,120.177,-1,111.394
-1,-1,35.7382,104.966,47.0868,-1,-1,-1,119.802,47.29,-1,120.821,-1,115.423,1.14578,25.0779,120.573,54.3715,120.382,120.754
61.4063,-1,-1,120.723,12.166,57.3385,115.619,-1,120.846,45.1428,-1,50.5869,-1,-1,-1,116.671,-1,45.0592,120.831,-1
49.7763,-1,90.3694,-1,-1,119.846,55.0309,58.3115,-1,60.9094,48.4495,-1,-1,115.14,59.6672,59.795,118.018,61.6607,-1,110.555
-1,-1,120.846,-1,43.3588,45.3864,-1,120.768,94.0492,120.637,120.489,58.2073,120.358,119.381,-1,120.396,120.559,59.6003,119.59,120.76
