54.884,-1,-1,32.5277,-1,-1,-1,-1,-1,-1,-1,-1,-1,-1,-1
-1,-1,-1,-1,-1,-1,-1,-1,-1,-1,-1,-1,-1,-1,-1
-1,52.2283,-1,-1,-1,-1,-1,-1,-1,-1,-1,-1,-1,-1,50.9919
55.7732,-1,-1,7.59977,-1,-1,-1,-1,-1,-1,-1,30.0702,-1,-1,-1
-1,-1,-1,-1,-1,-1,-1,-1,-1,-1,-1,-1,-1,-1,87.589
-1,-1,-1,-1,11.249,-1,-1,-1,-1,-1,-1,-1,71.4145,-1,-1
-1,-1,69.4191,-1,68.2281,-1,-1,-1,-1,58.4212,-1,-1,-1,-1,12.3635
-1,-1,-1,-1,-1,67.4994,-1,-1,-1,21.2152,50.0503,-1,-1,-1,-1
-1,27.9967,-1,-1,-1,-1,42.1307,-1,-1,-1,-1,-1,-1,-1,-1
58.3789,-1,74.7007,-1,83.5952,-1,-1,-1,-1,46.7547,-1,-1,-1,-1,-1
-1,-1,-1,-1,-1,-1,57.7424,-1,13.7067,-1,-1,30.6156,-1,-1,-1
-1,34.5992,-1,32.7217,-1,-1,-1,-1,-1,-1,-1,-1,-1,-1,-1
19.1263,-1,51.5266,-1,-1,-1,-1,-1,-1,-1,8.52632,-1,-1,15.2345,-1
-1,-1,-1,-1,-1,-1,-1,-1,-1,-1,-1,-1,-1,-1,-1
34.5453,102.841,-1,-1,-1,-1,-1,42.0399,-1,-1,15.8585,-1,-1,59.6861,-1
-1,-1,-1,48.3484,-1,-1,-1,-1,37.6196,-1,-1,-1,-1,-1,-1
-1,-1,-1,-1,-1,-1,-1,111.431,-1,-1,-1,-1,16.887,-1,58.3773
-1,-1,-1,-1,-1,-1,11.0774,-1,-1,-1,-1,53.3089,-1,-1,-1
-1,-1,-1,-1,-1,-1,-1,-1,-1,-1,-1,58.153,-1,-1,-1
-1,-1,59.2539,-1,-1,-1,-1,-1,-1,-1,30.923,-1,-1,-1,-1
-1,-1,-1,-1,-1,-1,-1,-1,-1,-1,-1,-1,-1,-1,-1
-1,-1,-1,30.5225,-1,-1,-1,-1,-1,53.4316,-1,-1,-1,-1,-1
115.145,-1,-1,-1,-1,-1,-1,-1,-1,-1,-1,-1,-1,-1,-1
-1,-1,-1,-1,-1,-1,-1,-1,-1,-1,84.6273,-1,-1,-1,-1
-1,34.9455,-1,-1,-1,-1,-1,75.2168,-1,-1,28.6549,-1,-1,-1,-1
-1,-1,-1,-1,-1,53.5414,-1,-1,-1,-1,-1,-1,-1,28.5264,-1
-1,-1,-1,-1,-1,-1,-1,-1,-1,-1,-1,-1,49.3718,-1,-1
-1,-1,30.4142,-1,-1,-1,-1,-1,-1,-1,-1,-1,-1,-1,-1
-1,-1,-1,-1,-1,-1,-1,-1,-1,-1,-1,-1,-1,-1,-1
-1,-1,-1,-1,-1,-1,-1,-1,61.7856,26.0451,-1,-1,-1,-1,-1
-1,-1,-1,42.1413,-1,-1,59.0155,-1,-1,32.3644,-1,-1,-1,-1,-1
-1,-1,-1,-1,-1,-1,-1,53.7668,-1,-1,-1,-1,-1,56.9172,-1
-1,-1,-1,-1,-1,27.0167,-1,-1,2.55761,-1,-1,-1,-1,-1,72.3951
-1,-1,-1,-1,46.4155,-1,-1,-1,-1,79.4586,-1,-1,-1,-1,-1
-1,-1,-1,72.9308,-1,-1,-1,-1,-1,-1,-1,-1,-1,17.7783,-1
-1,-1,-1,-1,-1,-1,-1,67.5901,-1,-1,-1,-1,-1,-1,-1
-1,-1,-1,-1,-1,-1,102.704,-1,-1,-1,69.8184,55.0205,-1,-1,-1
-1,-1,-1,-1,-1,-1,-1,-1,115.558,-1,-1,-1,-1,-1,-1
-1,-1,-1,-1,-1,-1,-1,-1,-1,-1,-1,-1,-1,-1,-1
-1,-1,-1,-1,-1,-1,-1,-1,-1,-1,-1,-1,33.3896,-1,-1
-1,-1,-1,-1,-1,-1,-1,39.6974,-1,-1,89.309,50.1179,-1,-1,-1
-1,-1,-1,-1,-1,-1,-1,-1,-1,-1,-1,-1,111.675,-1,-1
-1,-1,-1,-1,-1,-1,-1,13.9715,-1,-1,-1,-1,-1,43.5083,55.9669
-1,-1,-1,-1,-1,4.19024,-1,-1,-1,-1,-1,5.85716,-1,-1,-1
-1,-1,-1,-1,-1,-1,-1,-1,-1,-1,-1,-1,-1,-1,-1
-1,-1,-1,-1,8.51914,43.6093,113.886,46.7864,-1,-1,-1,-1,-1,-1,-1
-1,-1,42.7235,-1,-1,-1,-1,-1,-1,-1,-1,-1,-1,-1,41.7249
-1,32.8746,-1,-1,-1,-1,-1,-1,-1,-1,-1,-1,-1,-1,-1
-1,-1,-1,-1,-1,-1,-1,-1,-1,-1,-1,16.4645,105.161,30.5322,-1
-1,-1,8.66272,-1,42.9452,-1,-1,-1,45.4376,-1,-1,-1,115.205,-1,-1
-1,37.316,-1,-1,-1,-1,-1,-1,-1,-1,-1,-1,-1,-1,-1
-1,-1,59.3501,-1,-1,-1,-1,17.5479,54.1447,-1,-1,-1,-1,13.118,-1
-1,-1,-1,54.0667,-1,-1,-1,-1,-1,-1,84.2756,-1,47.939,111.696,-1
-1,-1,-1,-1,-1,-1,-1,-1,48.6888,-1,-1,43.2632,-1,-1,-1
51.7721,-1,49.2221,-1,36.9273,-1,-1,-1,-1,-1,-1,-1,-1,-1,-1
-1,107.469,-1,-1,-1,-1,46.9664,71.4633,-1,-1,-1,-1,-1,-1,-1
-1,57.315,-1,-1,115.001,-1,-1,-1,-1,-1,-1,-1,-1,69.8745,-1
-1,-1,-1,-1,-1,-1,-1,-1,-1,44.2125,-1,-1,-1,-1,-1
-1,-1,-1,53.31,53.8619,-1,-1,-1,-1,-1,-1,-1,-1,-1,8.10691
-1,-1,70.1779,-1,-1,-1,-1,-1,-1,-1,-1,-1,-1,-1,66.5864
-1,-1,-1,-1,-1,-1,102.98,43.7795,53.8589,-1,-1,-1,-1,-1,99.841
-1,-1,-1,-1,3.47265,45.3373,-1,-1,-1,-1,-1,12.7928,-1,-1,-1
-1,7.71472,-1,33.3323,6.99774,49.2213,114.692,-1,-1,-1,31.292,-1,57.9126,-1,-1
-1,-1,-1,-1,-1,-1,-1,-1,-1,-1,-1,-1,-1,-1,-1
-1,-1,-1,-1,115.124,-1,-1,-1,-1,-1,-1,-1,-1,-1,-1
100.677,-1,-1,17.0765,-1,-1,-1,55.3835,-1,-1,-1,-1,-1,-1,-1
-1,115.1,-1,-1,-1,-1,-1,-1,-1,-1,-1,-1,67.6679,-1,-1
-1,-1,-1,60.9767,-1,-1,-1,-1,-1,-1,-1,-1,-1,-1,-1
-1,-1,34.3315,26.0878,-1,-1,21.7742,-1,-1,-1,-1,84.0093,-1,-1,-1
116.342,-1,-1,-1,-1,-1,-1,-1,-1,-1,-1,-1,-1,-1,-1
-1,-1,-1,-1,-1,-1,-1,-1,-1,-1,-1,-1,-1,-1,-1
-1,-1,-1,58.0628,-1,-1,17.345,101.973,-1,-1,-1,-1,-1,21.283,-1
-1,-1,-1,-1,-1,-1,-1,-1,-1,-1,-1,-1,92.6641,7.22283,-1
-1,-1,-1,24.352,-1,-1,-1,-1,61.7244,-1,-1,-1,19.8893,105.777,-1
-1,44.0741,-1,-1,-1,-1,-1,-1,-1,55.037,-1,-1,-1,-1,-1
-1,-1,-1,-1,89.389,-1,-1,-1,-1,48.7197,112.633,-1,-1,-1,-1
-1,97.389,54.0478,-1,-1,-1,-1,-1,17.3991,104.868,-1,-1,-1,-1,-1
-1,-1,-1,-1,9.39056,-1,-1,-1,-1,-1,-1,-1,-1,-1,-1
-1,75.5579,-1,-1,-1,-1,-1,-1,-1,77.206,-1,94.9904,19.4487,-1,-1
-1,-1,-1,-1,54.4135,-1,-1,-1,-1,-1,-1,-1,-1,-1,11.62
-1,61.5441,-1,-1,-1,-1,-1,45.5971,-1,-1,-1,-1,-1,-1,-1
-1,-1,-1,-1,-1,-1,-1,-1,-1,-1,45.458,-1,-1,-1,-1
-1,35.229,110.308,-1,-1,115.757,-1,56.1155,-1,63.8163,-1,-1,-1,-1,-1
90.6608,-1,-1,50.43,-1,-1,-1,-1,39.1604,-1,-1,-1,32.6526,-1,-1
-1,-1,-1,-1,-1,117.036,-1,-1,-1,-1,-1,-1,-1,-1,-1
-1,-1,106.347,-1,-1,-1,-1,-1,-1,-1,-1,-1,-1,8.8307,-1
-1,-1,-1,13.3464,-1,-1,-1,-1,-1,-1,-1,-1,79.962,90.1846,-1
-1,-1,-1,-1,-1,-1,-1,48.2915,-1,-1,-1,-1,-1,-1,63.2631
-1,-1,-1,-1,40.2582,-1,-1,-1,79.3962,-1,-1,45.7431,-1,-1,-1
-1,95.08,-1,-1,-1,-1,-1,-1,-1,-1,-1,-1,102.394,-1,-1
23.6268,-1,-1,37.3091,-1,-1,-1,-1,-1,-1,-1,-1,64.9659,-1,-1
-1,-1,-1,-1,-1,-1,-1,61.8622,-1,-1,-1,-1,-1,-1,-1
59.4038,-1,-1,-1,-1,-1,-1,-1,-1,-1,-1,-1,-1,-1,-1
-1,-1,-1,-1,-1,-1,-1,116.84,-1,-1,-1,-1,-1,-1,-1
-1,-1,61.8219,-1,37.2847,-1,-1,-1,-1,-1,-1,-1,-1,-1,-1
78.4324,-1,-1,111.819,-1,-1,-1,-1,74.9877,-1,-1,-1,-1,114.943,-1
-1,45.6019,-1,-1,-1,-1,-1,-1,-1,-1,32.6246,88.6509,49.1873,-1,-1
-1,-1,-1,-1,-1,72.8154,-1,-1,67.2792,-1,-1,-1,-1,-1,-1
-1,-1,-1,-1,-1,-1,-1,-1,-1,-1,-1,-1,-1,-1,-1
52.4337,-1,-1,-1,-1,4.28642,-1,34.2239,38.9653,-1,-1,-1,-1,-1,-1
-1,-1,-1,-1,-1,-1,-1,-1,-1,-1,-1,-1,-1,75.2223,-1
-1,-1,-1,-1,4.86936,-1,-1,-1,-1,49.1647,81.9416,-1,-1,11.753,-1
-1,-1,-1,-1,101.475,-1,23.6667,-1,-1,-1,-1,30.4009,-1,-1,-1
13.4256,-1,99.9004,-1,107.209,-1,-1,-1,116.282,-1,-1,104.946,-1,116.402,-1
72.4312,-1,-1,32.0436,-1,-1,6.3835,89.0282,30.8033,-1,-1,-1,83.442,101.646,46.2308
-1,82.1574,2.56614,-1,-1,-1,-1,-1,-1,-1,-1,-1,-1,-1,5.55075
-1,-1,-1,18.0869,-1,-1,-1,8.22349,100.524,-1,-1,-1,77.1452,-1,-1
63.9074,-1,-1,-1,-1,-1,-1,-1,-1,-1,-1,16.7381,-1,-1,-1
-1,-1,-1,-1,-1,-1,-1,-1,-1,34.2138,116.987,-1,-1,-1,-1
-1,-1,-1,67.3639,-1,37.6464,63.1081,-1,-1,-1,-1,-1,-1,57.6591,-1
-1,-1,-1,55.0342,46.0434,2.17057,-1,59.29,-1,82.3052,-1,-1,26.6118,-1,-1
-1,-1,-1,-1,-1,-1,-1,42.9759,-1,-1,-1,-1,-1,-1,-1
-1,-1,-1,-1,-1,-1,-1,69.0085,49.5618,-1,-1,-1,-1,17.5226,-1
-1,-1,-1,-1,-1,-1,-1,-1,-1,-1,-1,-1,-1,-1,-1
-1,-1,-1,-1,-1,-1,-1,109.923,-1,-1,-1,-1,-1,111.206,73.3151
19.9183,-1,39.1358,-1,-1,24.55,-1,105.449,114.604,-1,92.4898,80.1804,-1,111.055,85.3774
-1,-1,-1,-1,-1,-1,-1,-1,117.196,-1,-1,-1,-1,-1,-1
-1,-1,101.901,66.294,-1,-1,-1,112.432,111.079,-1,-1,73.6826,-1,-1,-1
-1,-1,-1,-1,-1,-1,71.0515,105.833,-1,-1,110.883,-1,-1,-1,-1
-1,7.77758,-1,54.1399,-1,-1,-1,-1,-1,-1,-1,-1,-1,-1,-1
59.7086,-1,-1,-1,104.38,-1,104.308,113.633,-1,-1,10.6759,-1,-1,-1,-1
-1,-1,-1,-1,106.661,-1,66.724,-1,-1,-1,-1,113.742,-1,-1,31.2866
-1,62.2772,-1,-1,-1,-1,-1,114.732,-1,-1,-1,-1,-1,-1,-1
-1,109.856,-1,17.9668,-1,78.696,-1,-1,-1,-1,-1,40.6557,31.9662,-1,-1
-1,-1,-1,-1,-1,116.825,-1,-1,-1,-1,-1,-1,-1,-1,-1
-1,-1,-1,-1,-1,-1,-1,-1,117.006,-1,-1,-1,-1,-1,-1
19.4438,-1,-1,-1,84.1563,-1,-1,110.86,-1,18.6478,-1,-1,-1,-1,-1
-1,-1,-1,-1,-1,-1,-1,50.6155,-1,58.6055,51.4883,-1,-1,43.1005,-1
-1,-1,-1,82.9377,-1,-1,49.0263,66.9741,-1,112.285,-1,-1,94.173,-1,45.8283
-1,-1,48.0759,111.487,3.63588,-1,-1,78.7292,60.2953,105.949,49.721,-1,117.257,-1,116.259
-1,-1,-1,-1,45.6864,24.5347,113.587,-1,115.495,-1,-1,-1,-1,-1,116.612
-1,117.257,-1,-1,-1,-1,-1,-1,-1,-1,-1,-1,-1,-1,-1
-1,30.728,-1,-1,-1,-1,-1,47.5574,-1,-1,-1,-1,-1,23.1627,54.0842
-1,-1,117.053,-1,-1,-1,-1,-1,-1,-1,-1,-1,-1,-1,-1
40.752,-1,50.4023,-1,108.545,-1,-1,-1,56.4122,-1,40.7821,62.3242,-1,-1,-1
109.381,-1,-1,-1,-1,-1,-1,-1,72.3032,94.0037,107.614,-1,-1,-1,-1
-1,51.3102,111.553,57.7761,-1,-1,110.756,-1,5.21316,-1,107.568,-1,117.773,-1,116.757
-1,110.994,-1,-1,17.4823,41.0265,-1,-1,89.143,-1,-1,-1,-1,70.1998,-1
-1,-1,-1,115.236,-1,-1,108.01,-1,113.166,36.6377,3.71806,-1,58.4041,107.258,40.6064
50.5866,89.5026,107.809,102.291,-1,-1,113.684,-1,-1,117.025,-1,64.3902,-1,-1,106.688
-1,91.7123,62.797,-1,-1,117.506,-1,96.4727,98.3799,-1,-1,117.283,-1,-1,-1
-1,115.982,-1,-1,-1,-1,-1,-1,110.465,-1,117.751,-1,-1,92.1201,-1
-1,117.593,114.289,115.815,93.5205,-1,-1,49.6207,101.508,33.0292,117.676,106.063,-1,100.961,109.193
-1,-1,-1,106.482,108.571,-1,86.0968,29.9295,2.10816,117.238,111.006,-1,-1,117.287,117.266
-1,-1,-1,-1,-1,117.852,-1,-1,-1,-1,-1,-1,-1,-1,-1
-1,-1,-1,-1,-1,-1,-1,117.982,-1,-1,-1,-1,-1,-1,-1
116.121,-1,116.003,51.8411,26.5356,-1,-1,117.267,111.008,109.747,118.058,-1,-1,82.6829,117.419
-1,-1,-1,-1,-1,-1,-1,-1,-1,-1,-1,118.154,-1,-1,-1
-1,-1,-1,-1,116.03,-1,118.058,-1,117.821,-1,112.505,-1,-1,-1,106.359
-1,-1,-1,-1,-1,-1,118.215,-1,-1,-1,-1,-1,-1,118.202,-1
