-1,-1,-1,-1,-1,-1,-1,-1,-1,-1,4.512,-1,-1,-1,-1
-1,-1,-1,-1,-1,-1,-1,-1,-1,-1,-1,-1,-1,-1,-1
-1,-1,-1,-1,-1,72.5469,-1,-1,-1,-1,-1,-1,-1,-1,-1
44.8587,-1,-1,-1,-1,70.2711,-1,45.6763,-1,-1,-1,15.5336,-1,40.7311,-1
-1,-1,-1,-1,8.15299,72.3485,-1,47.1171,73.1874,-1,-1,-1,-1,-1,-1
-1,40.0644,59.8154,-1,67.7888,-1,-1,-1,-1,-1,-1,-1,48.8284,-1,-1
-1,-1,101.286,-1,-1,-1,-1,-1,-1,-1,-1,-1,-1,-1,-1
-1,-1,-1,-1,-1,106.378,-1,-1,-1,-1,-1,-1,-1,-1,-1
47.5082,24.1034,-1,-1,-1,-1,-1,-1,30.4154,-1,-1,-1,-1,50.9252,92.4887
102.969,-1,-1,-1,-1,-1,-1,-1,-1,-1,-1,-1,-1,-1,-1
-1,-1,-1,-1,-1,52.786,-1,-1,-1,-1,-1,-1,-1,53.9985,-1
-1,-1,-1,-1,-1,-1,42.0425,-1,-1,-1,-1,50.9906,-1,46.9061,56.3226
-1,-1,-1,45.2623,-1,-1,-1,-1,105.992,-1,-1,-1,54.5605,-1,-1
-1,-1,-1,-1,-1,-1,41.6886,59.1786,46.6313,18.2017,-1,-1,-1,-1,-1
-1,-1,40.5956,-1,-1,-1,-1,-1,-1,57.2595,-1,-1,-1,42.2273,-1
-1,-1,29.0774,-1,-1,-1,-1,-1,-1,-1,-1,58.7531,-1,45.7642,-1
49.1429,-1,-1,-1,42.4183,-1,-1,-1,-1,-1,-1,72.5248,-1,-1,-1
-1,-1,-1,-1,-1,-1,-1,-1,-1,-1,-1,-1,-1,-1,-1
-1,102.856,-1,52.8073,46.4218,-1,43.1605,-1,-1,-1,-1,-1,-1,-1,-1
-1,-1,-1,50.6553,110.312,-1,-1,-1,-1,-1,66.5364,-1,74.8003,-1,109.398
-1,-1,-1,-1,-1,-1,96.6947,-1,46.5936,-1,83.8913,55.8215,3.95493,-1,91.0089
-1,-1,-1,-1,-1,-1,-1,-1,-1,109.926,-1,-1,-1,-1,-1
49.1259,-1,-1,57.6321,-1,-1,-1,-1,-1,14.4235,-1,50.55,-1,-1,40.2582
-1,-1,-1,-1,-1,-1,42.049,-1,-1,102.207,42.6942,40.5698,61.3311,-1,-1
-1,-1,-1,-1,-1,-1,-1,-1,59.9884,-1,-1,-1,53.6521,-1,-1
-1,-1,-1,-1,-1,109.153,-1,-1,-1,-1,-1,-1,-1,-1,-1
81.4396,-1,-1,16.292,-1,-1,-1,-1,-1,-1,-1,-1,54.0787,-1,-1
64.4152,40.8128,85.7279,46.0611,-1,-1,-1,-1,-1,-1,-1,41.0522,-1,-1,89.734
69.1367,49.021,16.9179,-1,-1,-1,110.29,-1,-1,-1,-1,-1,-1,-1,-1
51.0273,-1,-1,-1,-1,-1,-1,-1,-1,54.9304,-1,-1,-1,109.806,34.4481
-1,109.088,-1,-1,-1,-1,-1,-1,-1,-1,-1,-1,-1,-1,-1
47.9578,24.971,-1,-1,-1,107.611,50.9283,64.3573,-1,107.485,-1,-1,-1,48.9793,-1
-1,-1,-1,-1,-1,42.0144,-1,-1,-1,41.3381,-1,-1,-1,32.9256,-1
-1,-1,-1,108.649,-1,-1,-1,-1,-1,-1,-1,-1,-1,-1,-1
-1,-1,-1,-1,-1,-1,-1,-1,-1,-1,-1,-1,-1,-1,108.145
-1,43.595,-1,-1,-1,-1,-1,-1,-1,-1,42.27,-1,98.347,42.009,-1
40.1194,-1,-1,-1,-1,-1,84.8066,-1,-1,46.8745,44.9521,48.401,-1,-1,-1
-1,-1,-1,-1,-1,-1,100.297,-1,-1,-1,-1,-1,-1,-1,-1
-1,-1,2.12426,-1,-1,-1,-1,43.246,-1,10.4848,15.0959,41.5429,-1,54.1169,-1
-1,-1,-1,-1,-1,-1,-1,-1,-1,-1,-1,-1,108.581,-1,-1
-1,108.878,-1,-1,-1,-1,-1,-1,-1,-1,-1,-1,-1,-1,-1
-1,-1,-1,-1,20.8674,-1,-1,-1,-1,-1,-1,49.5541,22.1475,63.4798,-1
-1,-1,-1,-1,-1,-1,-1,40.9795,-1,-1,-1,-1,-1,85.0609,49.2266
-1,-1,-1,-1,-1,-1,-1,-1,-1,-1,-1,-1,-1,110.625,-1
-1,-1,76.3589,-1,-1,43.472,-1,-1,64.3328,44.1345,71.126,-1,-1,48.0961,-1
-1,-1,101.153,74.6978,-1,-1,7.84491,-1,-1,82.0265,-1,-1,-1,-1,-1
-1,53.9281,-1,49.135,93.1762,-1,-1,88.9453,-1,-1,-1,-1,-1,-1,48.4952
-1,-1,-1,-1,-1,-1,-1,108.561,-1,-1,-1,-1,-1,-1,-1
50.9334,-1,44.567,62.3122,-1,-1,45.0795,-1,-1,104.22,-1,-1,41.4189,-1,-1
-1,45.7844,-1,-1,-1,-1,-1,-1,-1,-1,-1,-1,-1,40.5006,-1
109.072,-1,-1,-1,-1,-1,-1,-1,-1,-1,-1,-1,-1,-1,-1
-1,-1,-1,-1,-1,-1,-1,52.3636,110.028,-1,107.886,-1,-1,-1,40.7892
41.8462,-1,105.235,74.1452,-1,-1,43.648,68.5585,-1,-1,-1,-1,-1,-1,-1
110.225,56.6951,-1,-1,52.934,-1,-1,-1,-1,-1,-1,98.3293,-1,-1,-1
-1,-1,42.2594,-1,-1,-1,-1,-1,-1,-1,-1,-1,-1,-1,106.943
42.863,-1,-1,-1,-1,-1,103.514,-1,-1,-1,-1,-1,-1,-1,-1
-1,-1,-1,-1,-1,-1,-1,-1,-1,-1,-1,-1,-1,-1,109.255
-1,87.112,-1,-1,-1,-1,-1,31.5199,-1,-1,-1,45.5671,-1,-1,-1
-1,-1,-1,-1,107.964,-1,-1,-1,-1,-1,-1,-1,58.529,16.0272,-1
-1,109.978,-1,48.1275,-1,-1,-1,-1,40.9685,29.4604,-1,-1,-1,97.9405,19.0397
-1,-1,-1,-1,66.8202,69.8134,45.3154,105.697,-1,51.7617,-1,99.0373,44.2315,46.9152,-1
57.1394,-1,-1,-1,57.548,-1,42.6102,-1,110.533,51.9184,-1,-1,-1,-1,-1
-1,-1,-1,-1,-1,-1,-1,-1,-1,-1,-1,-1,108.133,-1,-1
110.585,-1,-1,-1,-1,-1,-1,-1,-1,-1,-1,-1,-1,50.9667,-1
-1,-1,-1,-1,-1,-1,-1,-1,-1,108.07,-1,-1,-1,-1,-1
-1,-1,44.2151,107.53,52.5985,95.1085,37.204,-1,-1,51.379,84.4279,-1,110.758,102.255,-1
-1,-1,-1,-1,92.1267,-1,-1,14.5959,52.1078,79.1557,-1,47.7877,109.305,-1,35.694
-1,-1,-1,42.4848,40.2228,-1,100.729,-1,-1,-1,-1,63.1492,80.4371,-1,-1
-1,-1,41.4825,-1,-1,98.3116,-1,-1,-1,-1,-1,-1,-1,96.5369,-1
-1,42.5605,43.1084,-1,113.901,102.467,-1,-1,-1,-1,-1,-1,-1,65.3192,103.835
-1,-1,-1,-1,87.3955,108.955,45.1488,-1,-1,59.0056,55.8701,-1,114.182,-1,91.944
-1,110.687,115.459,80.0572,-1,-1,-1,-1,-1,-1,-1,-1,89.4992,108.187,-1
85.6254,111.013,33.8049,56.5342,-1,-1,41.4269,38.1346,-1,-1,-1,85.5898,-1,105.666,115.322
-1,-1,57.4877,73.8088,34.947,-1,82.2493,-1,101.414,-1,43.988,-1,-1,-1,-1
105.813,-1,-1,99.648,-1,41.2828,80.5344,-1,-1,-1,53.7345,83.7702,-1,41.2991,113.384
-1,-1,25.3547,-1,-1,111.522,60.1059,-1,-1,-1,-1,111.508,-1,-1,-1
105.405,-1,-1,109.569,-1,-1,-1,-1,70.3801,67.2084,-1,41.8916,-1,-1,44.1516
31.6147,39.4724,-1,-1,-1,-1,-1,93.6312,41.1579,-1,-1,-1,99.1318,94.7123,113.031
95.3583,-1,-1,-1,24.761,-1,-1,47.6366,-1,115.388,-1,-1,-1,108.566,-1
42.4511,-1,-1,-1,104.967,-1,-1,-1,111.529,-1,-1,87.9399,97.239,-1,-1
-1,-1,-1,45.4265,115.403,-1,115.469,-1,-1,-1,68.9977,-1,45.0662,-1,-1
-1,-1,97.9199,106.728,-1,-1,-1,-1,43.2715,-1,-1,41.8009,-1,-1,-1
33.0143,-1,-1,-1,-1,-1,61.3084,-1,-1,54.1838,-1,-1,-1,-1,42.6314
-1,-1,6.60563,-1,-1,41.1527,115.487,-1,-1,-1,83.1329,-1,-1,-1,-1
-1,95.1691,85.5302,-1,-1,63.8392,-1,43.6882,-1,-1,97.4571,-1,-1,42.0974,-1
84.1904,97.8823,114.983,-1,-1,48.4169,-1,115.492,-1,-1,-1,-1,-1,-1,106.431
-1,-1,-1,-1,-1,52.0443,-1,-1,35.3511,45.1696,-1,53.6843,41.1491,-1,-1
100.016,93.6813,94.6785,41.2029,49.07,60.7192,74.4116,-1,-1,89.2089,-1,-1,-1,-1,41.2157
-1,-1,-1,71.4472,113.854,110.592,115.043,71.494,-1,78.0862,-1,-1,-1,81.5448,45.7437
-1,-1,114.296,-1,-1,-1,-1,112.736,-1,-1,87.917,50.9367,41.1551,-1,84.6334
-1,-1,50.9283,-1,-1,-1,95.7147,-1,-1,97.7913,-1,-1,-1,-1,-1
-1,-1,-1,-1,41.139,-1,89.4079,-1,-1,-1,-1,44.2,-1,-1,47.6354
-1,-1,-1,53.366,87.6185,-1,-1,-1,65.8361,-1,-1,41.9229,-1,41.3401,-1
-1,-1,-1,44.8061,-1,-1,-1,112.048,-1,-1,64.6756,-1,12.6623,-1,-1
-1,-1,73.4312,58.8188,-1,78.4212,-1,80.908,41.2845,-1,73.7119,51.1671,41.1442,64.2555,113.017
-1,-1,115.482,78.1336,-1,-1,-1,-1,-1,-1,-1,-1,82.5516,-1,110.287
57.6454,44.075,-1,105.453,-1,-1,-1,-1,-1,114.066,-1,-1,-1,76.3479,-1
110.634,-1,41.1553,25.771,47.7375,-1,14.9714,-1,-1,99.907,115.446,-1,73.2226,-1,-1
-1,-1,-1,115.486,94.0684,112.803,-1,-1,-1,-1,51.2907,31.3306,84.82,-1,-1
-1,-1,-1,56.8955,-1,-1,-1,-1,-1,-1,-1,-1,115.204,41.3624,64.7753
-1,41.3027,-1,-1,47.6317,50.8753,-1,-1,-1,63.5135,-1,-1,68.937,55.205,-1
-1,70.8416,-1,86.1576,106.767,-1,-1,-1,41.204,-1,61.2532,-1,49.5438,-1,-1
47.2752,-1,40.609,-1,71.7155,115.148,-1,100.899,-1,43.6152,47.9811,-1,-1,50.7817,115.497
75.3334,-1,-1,-1,-1,-1,94.6387,-1,-1,-1,-1,-1,-1,-1,-1
-1,-1,-1,-1,-1,30.4783,-1,-1,76.5015,-1,49.2366,-1,47.3174,-1,-1
53.9316,-1,-1,-1,14.2025,-1,-1,-1,41.3871,-1,112.701,-1,-1,-1,-1
108.602,81.5047,37.7992,-1,-1,-1,-1,-1,85.9247,-1,-1,-1,40.2951,107.349,113.88
-1,87.9897,-1,-1,-1,-1,41.1889,111.188,94.8007,115.085,112.169,58.6158,-1,-1,114.866
-1,-1,-1,41.7362,-1,41.3219,-1,114.326,-1,-1,-1,113.775,51.7023,96.7351,55.5497
59.9225,-1,-1,113.81,-1,115.26,-1,78.6675,-1,79.6152,108.204,-1,57.6329,-1,-1
-1,-1,-1,-1,-1,104.513,-1,82.0625,-1,44.8438,95.0893,41.3563,47.5785,-1,105.331
-1,-1,-1,106.885,108.573,-1,-1,-1,82.1995,113.894,90.8412,-1,-1,115.495,115.482
115.494,115.493,74.915,-1,109.375,-1,-1,-1,-1,115.482,-1,95.3201,41.169,-1,-1
43.8475,60.1305,80.8792,46.6791,-1,-1,106.902,-1,7.74105,102.487,-1,114.258,-1,-1,41.2114
-1,77.1454,-1,-1,101.391,68.7611,-1,50.406,-1,-1,49.3136,113.559,-1,-1,53.4739
-1,-1,-1,97.0412,82.7337,98.8001,9.38741,-1,-1,-1,-1,-1,103.178,113.195,-1
-1,111.555,-1,-1,-1,-1,-1,52.8935,57.2357,107.096,86.4431,-1,-1,-1,-1
-1,107.654,81.794,-1,47.3888,-1,-1,74.422,108.588,-1,-1,97.0162,-1,-1,-1
-1,110.196,90.8137,99.8683,-1,87.3239,107.149,-1,58.9879,-1,112.634,103.07,52.2155,55.7611,-1
111.434,-1,-1,-1,-1,71.9151,-1,102.559,113.896,115.467,115.151,-1,-1,103.159,63.3055
-1,-1,-1,-1,71.414,-1,-1,-1,-1,61.2767,115.283,-1,-1,89.9646,-1
-1,-1,47.0114,111.949,-1,109.175,112.827,68.4453,111.8,10.1736,104.675,-1,-1,76.9952,-1
-1,113.907,-1,-1,58.1105,-1,-1,-1,-1,-1,-1,55.8745,87.106,98.8585,115.496
89.5881,90.0983,-1,-1,115.096,74.1488,77.1803,77.5967,-1,-1,113.575,-1,-1,49.3376,41.2622
-1,-1,-1,46.2794,100.77,-1,-1,104.318,-1,-1,71.7831,60.8287,88.743,-1,-1
48.8288,112.158,-1,-1,-1,114.937,90.7054,-1,101.98,41.1569,-1,68.1167,-1,64.6505,58.3496
-1,115.023,-1,101.12,-1,70.2347,-1,-1,-1,46.8753,77.5761,103.379,-1,-1,-1
91.1019,114.935,-1,115.37,-1,99.4631,115.47,-1,-1,-1,-1,40.4972,-1,-1,86.4432
-1,107.613,86.3869,115.339,19.6721,-1,-1,-1,-1,-1,-1,112.641,-1,-1,105.707
115.232,112.956,115.443,-1,-1,-1,41.4336,-1,45.7258,-1,101.8,-1,97.4555,-1,-1
84.3698,109.269,-1,40.7746,-1,115.212,73.4118,115.242,-1,-1,-1,-1,-1,-1,77.553
-1,-1,75.8006,99.6375,-1,-1,-1,-1,111.765,-1,-1,111.023,-1,-1,-1
-1,115.484,114.695,-1,-1,-1,-1,114.294,112.272,-1,-1,-1,115.489,42.5271,-1
54.8911,103.693,-1,41.2711,-1,-1,-1,60.7997,-1,105.653,-1,-1,-1,-1,-1
-1,41.5839,107.789,-1,106.147,-1,-1,114.088,107.051,94.4412,-1,114.947,113.306,86.3136,115.494
56.8377,-1,110.862,-1,-1,-1,-1,-1,-1,115.212,106.85,99.4824,-1,-1,110.819
114.797,-1,-1,-1,41.1375,61.6077,-1,-1,-1,115.364,114.784,111.156,115.472,93.768,102.943
115.492,-1,-1,56.0864,107.687,114.913,115.492,60.0838,65.6561,111.576,-1,-1,114.971,115.03,-1
115.432,-1,-1,-1,-1,109.605,48.9067,-1,115.479,-1,-1,42.4189,115.478,115.481,-1
113.951,115.366,103.066,-1,-1,-1,115.137,96.0177,-1,-1,-1,-1,-1,102.525,114.986
-1,105.971,115.35,-1,51.2458,-1,95.0196,115.492,-1,-1,-1,-1,-1,-1,108.961
-1,110.659,107.689,-1,102.542,114.516,115.295,-1,47.3768,112.307,-1,-1,114.178,-1,41.5035
114.94,115.495,114.3,104.764,115.117,115.212,-1,105.763,-1,115.033,-1,102.15,-1,-1,-1
-1,-1,115.493,-1,113.572,61.1174,115.474,-1,98.2186,44.2751,-1,115.451,-1,-1,115.494
-1,45.0045,102.481,-1,111.751,115.487,114.073,114.538,-1,-1,-1,-1,113.764,-1,115.098
-1,-1,115.406,115.297,114.787,-1,112.522,114.54,115.491,113.572,115.28,48.77,-1,107.84,-1
-1,-1,-1,113.679,115.497,-1,-1,-1,112.697,-1,114.917,-1,-1,105.681,-1
-1,-1,51.5713,113.725,94.6102,-1,114.327,114.306,115.259,113.447,-1,-1,41.2116,112.59,-1
47.5922,-1,115.4,-1,94.9388,115.495,-1,-1,-1,-1,-1,67.1822,-1,115.35,-1
106.706,96.6467,114.626,115.179,-1,115.451,114.971,114.592,110.294,115.481,-1,115.495,114.798,-1,41.307
