-1,-1,-1,4.44936,-1,-1,-1,-1,-1,-1,-1,-1,15.4407,-1,91.515,-1,-1,-1,-1,-1
-1,9.40337,-1,74.7125,-1,-1,-1,-1,-1,-1,12.2308,65.9521,-1,-1,-1,38.9425,-1,-1,-1,-1
-1,-1,-1,-1,88.3719,-1,-1,-1,76.6209,-1,-1,-1,-1,-1,-1,-1,-1,-1,-1,76.6512
-1,-1,53.0476,-1,8.31372,-1,84.183,-1,-1,-1,-1,-1,79.9449,53.3701,-1,-1,-1,-1,-1,-1
-1,13.2368,-1,-1,60.1209,-1,-1,-1,-1,-1,-1,-1,19.7234,16.1672,-1,-1,-1,-1,-1,43.1507
-1,-1,-1,74.6463,64.5781,-1,-1,-1,-1,54.742,-1,-1,28.263,-1,-1,45.6244,-1,-1,-1,87.7865
90.2491,-1,-1,61.3292,-1,-1,-1,-1,-1,-1,-1,-1,-1,-1,-1,-1,-1,49.6648,-1,-1
-1,-1,-1,-1,-1,-1,-1,-1,-1,-1,-1,-1,69.2644,-1,-1,-1,119.098,-1,-1,-1
-1,76.1639,-1,4.88915,-1,23.3134,47.3385,-1,-1,-1,-1,74.8856,-1,-1,-1,29.5202,62.4391,-1,-1,-1
-1,-1,16.7028,-1,-1,-1,-1,45.3145,41.7724,32.3528,78.9351,41.3027,-1,-1,-1,65.1675,-1,-1,-1,-1
44.3155,-1,66.5651,-1,4.67541,53.1975,-1,60.6942,91.7966,-1,30.4568,-1,54.0829,94.8976,70.2368,-1,53.494,90.3003,-1,-1
50.3213,-1,29.461,-1,-1,-1,62.1216,5.21754,43.7634,74.0495,58.9204,-1,30.5062,-1,97.4037,33.5884,-1,-1,97.8228,-1
-1,-1,-1,60.0685,66.6655,59.0681,64.2739,66.1861,-1,-1,70.8489,16.5812,70.538,115.512,58.9595,-1,52.5946,-1,-1,83.6146
112.969,68.9907,-1,-1,51.1686,-1,-1,65.2571,-1,-1,13.0392,-1,-1,51.6951,-1,51.3967,35.9017,-1,-1,-1
53.1072,-1,36.7297,47.7606,-1,-1,118.524,46.6048,32.3399,45.3024,66.1904,20.3612,-1,75.1194,64.3139,41.1383,-1,-1,35.1983,65.9144
70.0318,-1,-1,70.4251,57.6342,-1,72.4922,22.2156,1.35989,64.3218,-1,59.1537,82.5592,61.5592,61.9784,57.3139,-1,60.7594,64.634,116.302
66.7628,-1,61.0513,-1,115.142,80.8937,-1,57.4018,64.1001,-1,43.8361,49.2691,-1,17.195,42.8965,47.5134,63.1044,118.104,73.936,59.7592
58.4639,52.9691,66.4196,81.3798,67.9698,58.0448,-1,-1,45.1971,42.5243,48.0761,-1,69.3704,61.6728,49.0169,35.1599,53.7842,-1,80.9233,-1
122.365,59.9197,69.4824,-1,84.7579,43.2794,49.2515,61.288,96.0715,-1,-1,41.8122,-1,-1,39.4859,-1,-1,59.4878,-1,-1
40.7617,41.4481,-1,56.2746,36.5509,114.544,92.803,-1,-1,53.8219,49.8837,-1,-1,76.5373,53.9223,-1,27.6447,63.6936,-1,-1
71.3786,50.9536,55.9904,102.752,39.6901,122.378,54.8588,-1,-1,67.6778,42.384,-1,-1,-1,65.3225,-1,-1,72.0896,-1,-1
12.2504,53.7589,-1,57.6516,19.689,65.9739,109.194,-1,21.946,5.81004,-1,4.92518,-1,54.3149,-1,-1,103.251,-1,44.6103,-1
-1,111.973,-1,56.9846,114.155,3.86566,62.1927,50.7333,22.825,37.6661,-1,-1,-1,-1,-1,-1,77.4204,-1,37.4602,61.2123
-1,18.2308,51.2384,65.3677,-1,77.5196,48.7874,-1,34.392,-1,-1,60.8442,-1,-1,40.9061,40.1413,63.1566,24.8038,57.7591,53.3082
60.9908,114.134,115.789,41.2759,48.0484,42.5977,63.8897,-1,-1,-1,-1,9.62856,-1,67.768,24.6665,62.7818,54.878,63.2169,11.6756,63.1586
77.532,52.2292,64.5667,-1,-1,76.6935,-1,29.8392,63.0963,70.9045,55.9359,78.7273,-1,40.523,-1,63.3753,-1,66.4315,77.5979,-1
15.2127,96.288,-1,19.2932,65.5204,96.9831,45.984,50.0071,-1,71.2894,69.3261,78.2266,52.9072,76.0821,74.8255,-1,49.2099,-1,55.9209,-1
63.4448,36.3406,-1,-1,52.7031,-1,-1,-1,-1,51.2753,73.8208,-1,-1,-1,121.043,-1,-1,59.4641,70.1069,49.1268
44.543,88.05,-1,-1,47.4308,-1,26.9872,61.149,-1,-1,-1,-1,59.3486,-1,-1,120.446,75.8963,64.3386,116.445,18.0777
55.2751,-1,92.9297,80.3713,75.6089,-1,69.5577,82.1566,34.0853,66.1941,60.1048,-1,18.815,-1,42.3168,-1,39.7718,106.795,92.6288,68.1261
-1,60.3983,7.35622,5.67673,56.6042,66.4755,47.5884,-1,84.692,-1,110.027,-1,70.0062,8.69734,47.4606,60.0973,-1,79.0337,-1,83.0601
67.6785,-1,36.8727,39.0834,23.9633,-1,79.3705,63.5481,50.1073,56.32,95.4943,56.2573,61.8799,-1,52.9734,64.7436,48.299,49.0729,-1,116.271
59.0613,-1,40.0749,51.6099,-1,33.4108,56.0737,82.5396,96.807,122.282,52.0504,-1,102.576,-1,67.7927,-1,-1,-1,120.184,81.6396
-1,54.9777,-1,89.7727,-1,-1,99.1378,54.3185,21.4227,-1,55.5351,-1,-1,78.7226,22.6222,72.5907,49.2663,46.0692,41.5189,70.1322
-1,60.2894,18.0372,82.4899,-1,-1,82.5867,-1,-1,68.9371,50.0941,-1,59.9388,60.9402,34.0279,48.9518,38.2136,-1,50.4917,116.889
52.8754,-1,68.4489,35.3894,59.4611,-1,73.9481,67.8467,-1,111.768,-1,-1,32.5902,-1,59.6378,91.7058,-1,24.414,35.8064,68.3496
115.768,27.7082,31.1845,2.87811,66.7966,52.1694,-1,16.1568,-1,-1,64.0147,-1,95.9954,77.7308,66.5363,104.435,5.91328,83.2077,117.708,68.9015
-1,-1,-1,72.3288,-1,90.9562,6.64829,-1,63.0623,97.8474,48.8782,-1,-1,88.4762,105.151,-1,76.1653,64.5037,89.5756,30.4436
-1,25.9616,89.598,9.49998,-1,59.7606,61.9539,52.6141,67.0136,46.0494,81.1523,52.3454,103.977,76.58,42.9273,45.2992,94.0431,-1,76.6933,-1
-1,-1,-1,66.6419,21.6921,85.702,39.9191,-1,95.8611,-1,40.3983,106.433,58.1681,-1,86.1448,50.8536,53.7263,63.1243,40.6573,10.3829
76.3209,-1,61.6459,72.7865,73.2294,114.467,60.142,63.7213,24.2498,-1,69.4907,47.2738,120.064,62.218,75.269,121.26,63.2648,69.7283,49.1554,45.2016
64.0592,95.6329,50.3959,91.8533,18.0938,-1,-1,66.7582,-1,79.7636,-1,-1,65.2757,45.5568,56.4563,44.085,116.684,-1,30.5942,120.273
17.0532,-1,76.0507,26.9372,-1,61.77,-1,-1,79.9186,77.7195,62.6572,38.6702,48.6328,117.185,34.6933,-1,119.778,65.9092,56.6687,67.0007
56.8333,49.9393,-1,-1,-1,67.7152,-1,87.9757,81.5284,20.341,61.8318,63.3102,-1,119.348,102.817,-1,-1,50.2178,114.731,-1
30.317,42.7631,-1,-1,84.9154,61.409,-1,107.232,122.394,55.4712,-1,114.372,99.6445,62.9611,31.9556,93.618,50.09,120.639,115.514,94.1756
-1,86.1447,68.3051,-1,119.496,-1,-1,25.343,121.769,58.1942,-1,59.5105,43.2207,26.4275,121.607,120.961,64.5443,-1,84.9596,116.351
-1,56.2719,49.637,117.567,67.3707,87.7261,107.857,-1,122.234,56.1472,56.0144,49.8446,66.0471,114.136,32.0837,121.4,-1,-1,118.097,63.0029
120.898,51.5438,22.5878,4.94367,88.8773,118.123,64.4171,121.054,91.6569,40.5831,122.809,63.2759,30.964,113.427,55.254,19.4211,-1,118.437,117.737,-1
122.663,100.094,45.1445,119.106,83.5023,65.3097,33.799,80.5339,120.379,-1,121.455,87.842,122.37,64.2078,122.373,65.8363,111.194,117.733,122.785,45.2182
115.22,-1,122.868,51.5333,54.5277,-1,-1,-1,42.8405,85.2981,115.344,-1,61.3443,-1,120.569,-1,122.962,-1,61.0417,-1
