-1,52.4116,-1,-1,-1,-1,20.575,3.37147,-1,-1
-1,51.9597,-1,58.5886,27.3386,-1,-1,-1,-1,89.0199
-1,-1,-1,-1,80.3701,-1,77.1006,22.2593,-1,-1
-1,-1,-1,-1,-1,-1,-1,25.1169,-1,-1
-1,62.1059,-1,-1,-1,-1,-1,-1,-1,-1
-1,-1,-1,-1,50.6694,-1,34.23,-1,-1,-1
-1,-1,-1,-1,-1,-1,-1,-1,-1,-1
-1,-1,-1,-1,-1,-1,-1,44.9893,-1,-1
-1,-1,-1,-1,-1,-1,-1,-1,-1,-1
-1,-1,-1,-1,-1,27.4315,41.3938,-1,-1,-1
-1,-1,-1,-1,-1,-1,-1,-1,-1,-1
56.2439,109.347,-1,-1,9.3283,-1,1.3425,-1,-1,-1
31.4978,-1,63.6468,-1,72.2188,-1,-1,88.3739,-1,-1
-1,-1,56.0697,-1,-1,85.0834,-1,-1,-1,-1
-1,-1,-1,43.8272,-1,-1,-1,108.084,27.8236,-1
-1,60.9199,-1,-1,-1,92.6,-1,-1,-1,99.5394
-1,-1,-1,-1,-1,-1,45.2388,-1,-1,-1
-1,-1,3.26302,-1,-1,-1,-1,-1,-1,-1
-1,-1,-1,106.767,-1,-1,-1,-1,-1,-1
64.2057,-1,-1,-1,55.5362,-1,-1,-1,-1,-1
118.31,-1,-1,-1,-1,-1,-1,-1,-1,-1
-1,-1,-1,-1,-1,-1,-1,-1,-1,-1
-1,-1,66.4641,-1,45.5856,21.0219,-1,46.4671,-1,-1
-1,-1,-1,-1,-1,116.628,-1,71.8002,-1,-1
-1,-1,-1,47.3282,-1,-1,-1,-1,-1,56.6854
-1,-1,42.2662,96.2573,-1,-1,-1,-1,60.2419,34.9133
-1,-1,-1,-1,45.3041,-1,60.2129,-1,-1,-1
-1,-1,-1,-1,-1,-1,-1,46.9339,60.7003,-1
53.0114,-1,71.8598,34.8888,-1,-1,58.2118,-1,-1,32.8891
-1,-1,-1,49.0744,-1,121.52,-1,4.24052,96.6658,-1
-1,-1,-1,92.2042,61.4795,116.15,45.3211,-1,53.9316,-1
103.118,61.3656,78.0048,-1,-1,61.2953,-1,-1,-1,-1
52.6288,-1,94.9078,-1,67.7984,-1,-1,-1,41.3003,81.4198
95.6733,60.1203,-1,-1,-1,109.149,-1,62.1613,-1,98.1981
-1,55.5394,-1,-1,7.38559,-1,-1,107.427,-1,41.6198
-1,-1,65.9098,42.9139,68.1869,88.7989,-1,79.4234,118.431,59.8904
-1,55.1439,-1,-1,-1,-1,72.5781,93.8981,-1,51.9072
-1,-1,-1,-1,120.865,-1,-1,-1,-1,-1
80.6156,108.955,40.4172,60.7796,93.9412,-1,87.5417,62.1696,42.9129,-1
107.751,68.2474,63.7847,62.9784,-1,-1,65.5054,40.726,26.7278,-1
-1,-1,89.6542,-1,61.9974,54.0294,121.436,-1,21.8066,-1
-1,-1,-1,-1,83.3401,54.6364,54.1456,112.111,-1,117.68
61.1673,53.1552,-1,-1,10.3117,64.5955,63.3233,-1,-1,-1
102.702,-1,-1,-1,-1,-1,90.3825,118.528,49.9328,28.3527
-1,93.6344,-1,-1,56.6926,-1,-1,-1,61.5167,-1
65.4011,56.7585,-1,-1,-1,-1,-1,-1,111.962,52.1066
-1,-1,-1,-1,-1,-1,-1,-1,-1,-1
-1,61.6718,-1,-1,-1,-1,44.0566,-1,-1,56.6815
-1,-1,59.7366,-1,66.4029,-1,-1,-1,-1,-1
-1,-1,-1,-1,118.1,113.514,118.621,55.3934,42.6896,-1
54.1564,-1,-1,107.686,86.2682,77.1502,66.8246,-1,60.3717,-1
110.31,70.5361,-1,-1,-1,60.8661,115.03,-1,-1,-1
56.0457,83.6183,-1,-1,-1,-1,-1,51.2949,62.3433,94.0779
110.166,43.8685,51.2081,35.0189,46.5658,-1,-1,-1,-1,-1
96.5441,-1,-1,-1,69.8321,75.4099,8.17751,57.0038,-1,-1
-1,87.0591,-1,49.0168,60.4606,58.4562,-1,79.7695,55.8086,115.416
117.511,50.5455,-1,64.849,-1,80.9042,-1,103.875,78.743,110.886
100.516,112.283,93.9039,32.0796,-1,41.4735,-1,-1,-1,87.6685
-1,-1,43.8171,67.5488,-1,-1,57.5092,50.0989,-1,115.595
-1,41.7027,110.956,74.9282,51.3059,60.5785,63.7343,-1,-1,-1
61.4052,-1,-1,88.8144,81.5363,-1,107.958,-1,52.2391,121.074
-1,-1,55.4284,56.3497,-1,-1,-1,69.9717,53.8912,121.289
-1,100.682,61.2853,84.2699,-1,-1,-1,91.6815,121.109,-1
-1,83.8508,-1,-1,-1,47.8959,121.05,-1,59.6286,92.0426
55.5126,115.227,-1,-1,-1,101.347,-1,53.2846,108.964,62.6801
10.563,-1,50.6942,114.253,-1,52.4916,-1,106.034,121.393,-1
114.702,42.1843,66.2187,-1,98.1616,119.45,88.5637,62.9974,60.9221,-1
113.979,-1,61.2291,-1,74.5485,94.2541,-1,80.9332,-1,63.0717
95.2995,52.2737,52.3009,43.0767,120.421,-1,-1,83.8325,-1,68.0679
64.9239,-1,68.7005,69.2418,43.3966,-1,-1,-1,68.0687,-1
-1,59.206,108.243,-1,-1,-1,85.6458,-1,-1,-1
84.9309,75.9353,67.2247,60.3848,-1,43.4477,106.818,68.617,62.322,-1
121.304,-1,95.8171,88.9013,111.665,63.0084,107.841,-1,-1,-1
115.847,106.9,62.2444,100.358,97.1518,73.278,67.0898,-1,-1,-1
-1,-1,-1,104.122,54.2801,-1,45.2182,-1,44.5457,-1
-1,-1,86.8054,-1,97.2284,55.5678,-1,-1,36.4758,63.2417
-1,97.0192,-1,103.391,79.6365,-1,90.6413,92.8445,109.828,-1
-1,-1,82.778,-1,-1,-1,77.0952,81.9842,-1,-1
65.2644,112.736,72.3287,109.516,62.6202,45.1378,-1,67.2872,-1,104.162
94.4283,103.034,81.6966,101.221,121.537,68.3288,-1,77.8651,-1,89.5117
-1,116.418,-1,117.386,-1,-1,55.1919,52.5264,-1,-1
-1,-1,58.02,-1,-1,-1,-1,60.979,-1,-1
-1,-1,104.999,45.5246,-1,67.6676,54.2123,101.474,-1,120.056
121.262,60.7121,-1,54.9597,121.292,-1,118.062,-1,114.778,-1
120.64,11.7508,-1,-1,60.6375,-1,-1,47.7237,-1,-1
-1,104.64,105.639,121.537,-1,60.5555,-1,108.791,112.93,-1
111.276,-1,121.013,119.21,108.973,53.6108,-1,102.747,-1,-1
-1,-1,-1,53.5561,-1,-1,-1,119.753,52.1946,57.2816
-1,-1,44.0362,84.9003,-1,117.129,56.8732,120.797,-1,116.834
81.8012,61.7294,-1,-1,88.5117,111.256,119.166,-1,121.519,114.063
-1,121.456,-1,118.101,116.422,-1,-1,74.9743,-1,96.2841
-1,-1,-1,82.0579,-1,96.3096,116.396,121.25,65.4964,-1
115.769,-1,58.6134,-1,-1,120.626,119.298,-1,95.9753,-1
121.389,57.9632,41.9663,48.1642,-1,-1,-1,-1,-1,-1
121.06,118.467,-1,-1,-1,-1,109.265,-1,119.776,97.5978
-1,-1,121.066,106.599,114.424,-1,-1,90.424,-1,111.931
50.6704,-1,-1,121.305,-1,-1,104.678,-1,111.962,120.431
-1,-1,119.431,120.844,94.7808,-1,108.928,-1,121.413,-1
-1,-1,116.154,64.932,120.933,-1,118.913,-1,120.837,109.687
112.763,-1,121.5,-1,-1,-1,-1,66.1399,-1,121.536
