-1,-1,79.0451,-1,-1,-1,-1,47.0153,-1,63.5907,32.9276,-1,-1,-1,-1
-1,60.7989,42.5798,-1,-1,-1,-1,-1,-1,-1,-1,-1,30.9163,29.2958,-1
-1,63.0739,-1,14.5089,58.0187,-1,-1,25.6585,-1,-1,-1,-1,61.0169,-1,-1
-1,-1,80.0287,-1,-1,-1,-1,-1,-1,-1,-1,-1,-1,-1,-1
-1,-1,-1,-1,-1,90.2234,-1,93.2313,-1,-1,81.4191,-1,-1,-1,-1
-1,-1,30.2639,16.8263,30.2552,5.03744,42.3723,60.1124,23.1181,41.686,39.9492,56.3012,44.8607,55.2232,-1
-1,-1,15.5198,27.2352,28.4876,28.6486,73.5883,-1,80.8103,67.9639,13.3848,61.8667,-1,77.9092,-1
-1,-1,-1,-1,-1,-1,-1,-1,-1,111.886,-1,-1,-1,-1,-1
39.9926,62.1673,-1,-1,17.5997,58.2034,58.6884,53.7325,102.926,109.348,32.9379,52.4853,-1,74.588,-1
29.7331,44.3164,34.0638,-1,-1,-1,48.6367,32.7829,-1,26.9449,44.6098,60.8061,-1,-1,-1
69.7359,25.2804,-1,-1,-1,-1,95.5731,66.1898,-1,47.5845,42.3409,-1,43.1661,55.4395,-1
92.6544,62.2546,69.5157,-1,22.4861,41.3932,50.0416,45.6202,-1,-1,21.4576,47.017,-1,35.3106,55.9982
-1,-1,35.9841,-1,-1,103.243,44.0595,-1,-1,88.8165,-1,45.0398,-1,-1,-1
25.1739,-1,-1,-1,79.398,95.1632,-1,-1,51.117,24.9592,-1,49.5326,-1,57.8794,36.0197
57.7288,-1,48.4432,56.771,77.9547,95.1859,-1,56.1145,35.3491,18.6853,-1,106.12,-1,-1,25.6294
-1,-1,-1,107.063,56.2029,39.39,36.2385,114.907,5.06993,68.5845,22.3271,16.2088,39.8645,-1,52.2877
-1,66.0568,-1,38.4812,37.6715,5.03743,40.3804,-1,-1,48.5707,-1,24.696,109.95,-1,-1
93.5458,56.9531,-1,79.1294,-1,56.664,85.0204,80.1683,41.4739,66.2805,-1,71.5796,60.0284,39.348,-1
88.9357,99.3278,-1,105.639,76.962,45.178,99.7144,43.9354,15.113,61.1459,-1,30.5112,51.5863,81.9613,-1
18.7129,76.9929,-1,-1,112.011,13.339,-1,-1,112.429,81.69,-1,-1,-1,-1,55.449
114.976,31.6591,-1,68.0433,96.3205,-1,85.5081,-1,68.0011,-1,-1,54.7932,25.2491,17.76,-1
79.1547,31.1117,-1,46.3877,95.849,32.668,53.3688,-1,55.6371,-1,-1,83.6873,24.14,50.3654,81.7028
12.201,58.9526,-1,46.2411,55.5587,33.8733,33.7445,-1,44.6195,53.2291,-1,38.5509,-1,33.5544,38.205
52.3499,23.7699,7.75405,-1,101.582,41.8286,20.6975,50.1537,24.0183,53.012,25.6369,44.6089,60.785,-1,-1
69.4598,56.8248,12.1539,20.0494,49.343,14.2392,40.1102,27.7779,21.8605,70.8497,55.7546,60.4014,-1,-1,-1
28.3197,14.6317,71.11,47.0809,117.142,58.6009,-1,47.707,15.8894,-1,-1,45.7979,8.64955,57.0481,76.4282
55.1272,46.666,99.7308,48.724,65.4491,18.8596,-1,29.1544,44.0052,-1,41.0483,110.138,118.039,77.7076,80.7551
55.5726,20.7385,16.0974,56.1084,107.632,59.0508,38.6825,32.3717,39.6753,-1,114.16,110.222,18.9987,-1,27.5917
50.6747,41.5238,41.4377,64.3986,107.694,64.0704,47.068,52.9753,115.288,86.8188,74.3868,-1,20.3417,-1,-1
88.0467,13.2798,31.7194,52.6253,5.16223,53.3968,57.8731,102.504,42.3974,29.7316,78.7385,63.3567,97.6607,-1,-1
83.4834,-1,56.4846,55.9521,17.1115,105.329,68.7583,41.6242,34.2975,-1,59.9356,26.5129,58.4502,-1,-1
55.5245,41.368,116.007,42.5423,66.1652,74.9899,12.7591,105.042,-1,112.901,60.3517,78.6602,43.6201,-1,-1
52.2679,21.4404,31.7163,55.6554,104.479,51.9017,75.5187,-1,85.0891,41.8672,22.3874,68.5423,-1,49.6707,30.1004
84.9899,-1,66.0224,33.691,85.7577,85.2453,50.2914,-1,85.8878,50.7959,96.9433,57.4438,72.3873,56.3053,30.8314
30.2535,53.8481,45.3583,-1,-1,20.5469,41.9421,-1,114.892,40.4487,95.3386,105.602,40.2535,44.6506,20.5771
80.3618,26.7383,-1,-1,65.4542,76.1319,-1,53.514,50.9715,118.217,107.182,95.9207,67.2542,40.9371,99.9624
48.7249,22.1791,87.0743,35.7136,19.7529,43.4063,39.9484,29.0969,76.4744,53.5834,55.6881,35.528,29.1823,31.2596,23.4836
54.6008,49.5915,47.8039,41.7589,51.2263,33.5362,88.9934,44.5245,44.394,45.0965,-1,78.1695,41.3622,73.6348,57.3242
59.1823,52.2074,48.4518,39.9827,46.838,39.2136,58.0656,67.8784,110.993,69.067,-1,23.4737,118.388,115.685,110.292
34.9861,31.6668,51.6498,34.9228,32.4041,65.5045,20.9002,71.319,51.5863,88.6399,-1,88.5015,58.1881,37.9555,27.7899
-1,46.4876,99.1476,-1,40.9692,88.8628,43.6799,114.58,28.7515,73.5318,42.3557,54.4713,63.6,20.5175,23.7365
45.2114,31.6652,-1,42.0979,46.154,63.0867,12.4009,99.2345,67.6635,46.7489,92.7656,22.1528,-1,67.9201,26.4775
80.9078,74.5146,-1,-1,57.3888,108.077,45.283,16.24,92.7243,54.1682,24.6827,118.294,17.986,30.9446,51.0049
46.8392,39.2794,64.5407,14.961,114.001,112.652,108.325,85.0166,-1,93.26,52.898,76.3949,112.656,40.9275,66.2761
109.213,66.4988,102.652,100.183,-1,90.171,71.1197,98.5721,105.75,59.0607,61.5584,56.4144,31.2199,27.0237,86.7256
114.743,111.017,75.7917,59.8444,49.9133,42.972,55.7708,-1,-1,113.12,44.2877,41.0616,38.193,67.9038,105.675
55.0622,105.533,17.673,-1,115.701,86.9274,113.485,112.24,42.6549,115.038,55.307,70.2245,37.3298,28.7807,77.1285
111.894,12.5901,104.76,-1,104.341,110.734,115.75,95.5779,94.8972,103.716,40.0927,118.397,89.3601,-1,108.814
36.4053,98.2717,36.5069,-1,94.2354,106.927,99.4845,107.88,98.8509,36.7455,61.5903,109.34,100.462,99.982,94.8938
113.531,67.1313,107.39,97.2025,118.354,44.4931,23.4879,117.743,-1,109.559,103.429,-1,66.1393,117.916,116.413
