-1,-1,-1,-1,-1,-1,-1,-1,-1,54.911,-1,-1,-1,-1,-1
-1,-1,-1,-1,-1,-1,-1,-1,-1,-1,-1,-1,-1,-1,-1
-1,-1,-1,-1,-1,-1,-1,99.6413,21.2454,-1,38.3605,95.7692,-1,-1,81.3152
-1,-1,28.0452,-1,-1,-1,-1,43.2486,-1,-1,-1,101.667,-1,-1,-1
-1,73.9555,-1,-1,-1,-1,-1,32.7277,63.6715,-1,-1,-1,66.0468,-1,38.876
-1,-1,-1,-1,-1,-1,-1,-1,-1,-1,-1,-1,-1,-1,-1
-1,44.2702,60.015,24.713,58.7485,-1,76.3507,42.6151,-1,58.0541,-1,-1,-1,-1,-1
-1,-1,-1,-1,101.59,-1,-1,-1,-1,-1,-1,-1,-1,-1,-1
54.2502,54.3917,31.9625,26.5497,11.8841,-1,-1,16.1084,56.3626,-1,44.1218,-1,-1,51.3312,-1
-1,50.3395,-1,-1,13.2555,-1,-1,-1,-1,97.003,47.0464,36.7896,13.155,-1,-1
52.433,-1,-1,-1,-1,-1,35.3019,75.1656,-1,82.7456,-1,20.0106,-1,24.6823,57.1839
47.024,60.014,-1,-1,85.4807,58.642,-1,-1,-1,15.1199,9.40055,9.09061,-1,-1,-1
10.2734,-1,17.7788,64.9191,51.1728,52.3005,38.4307,37.3182,62.2418,93.5584,-1,-1,-1,-1,-1
-1,-1,-1,53.055,93.3798,97.7167,54.5819,-1,-1,-1,-1,-1,-1,-1,-1
44.6896,82.0767,12.0808,65.3048,-1,-1,11.3437,-1,-1,-1,-1,-1,-1,46.2412,-1
-1,58.7754,-1,21.252,-1,47.1132,63.3561,13.5503,45.9274,-1,89.4397,54.5431,-1,-1,-1
-1,-1,-1,-1,-1,-1,-1,-1,-1,-1,-1,-1,-1,-1,-1
-1,-1,-1,-1,-1,-1,-1,-1,-1,-1,-1,89.6253,-1,-1,-1
51.7227,48.7433,-1,48.084,-1,-1,-1,51.0298,-1,-1,57.7389,-1,-1,-1,70.6676
64.389,33.7065,67.3214,49.0646,40.494,42.1018,-1,-1,56.5441,-1,-1,31.1708,39.2682,53.1652,48.3572
80.4782,60.8803,100.587,72.7247,72.1707,54.4016,-1,12.6396,-1,47.7921,90.4721,-1,46.7657,-1,41.0598
-1,-1,96.8856,-1,-1,-1,-1,57.3902,-1,49.0271,-1,62.0489,-1,52.601,-1
-1,78.3202,60.6952,56.2576,-1,53.0295,48.8593,-1,-1,62.0798,-1,47.3606,-1,33.895,-1
-1,-1,32.128,-1,-1,-1,62.0574,29.8651,41.4612,54.3725,6.31057,-1,5.21338,29.7064,-1
75.7019,-1,-1,-1,53.2985,-1,-1,53.9367,89.577,49.1457,-1,28.2275,-1,44.3806,-1
-1,41.8706,53.5187,-1,82.3397,-1,56.0061,-1,-1,57.3726,-1,40.9247,62.9666,-1,-1
-1,22.102,-1,57.9773,-1,34.5078,-1,-1,-1,-1,57.7365,36.2301,30.8863,36.3355,44.3052
-1,-1,-1,48.5594,-1,-1,67.7049,61.191,-1,-1,43.1166,50.8406,20.0037,-1,73.8774
-1,-1,-1,-1,-1,-1,-1,-1,-1,-1,-1,-1,-1,-1,-1
74.3813,-1,-1,-1,-1,-1,49.6627,34.4407,75.9259,-1,-1,-1,-1,-1,43.0057
-1,47.8026,-1,-1,39.3955,-1,53.4565,82.7507,66.2315,-1,38.9994,-1,81.3956,6.2259,102.192
-1,91.5831,-1,59.8806,34.4965,93.9651,-1,43.8114,45.5172,40.8569,-1,38.733,-1,33.4881,78.0911
91.417,69.2233,-1,-1,-1,-1,46.7779,-1,85.9942,-1,-1,-1,28.3135,50.9328,-1
43.3952,48.349,-1,34.1083,44.9106,-1,-1,-1,-1,-1,-1,-1,68.0005,76.6203,87.1865
-1,64.7445,-1,-1,-1,60.9224,79.9881,-1,54.7695,-1,-1,-1,46.7791,-1,43.1338
-1,62.6233,41.5312,43.7961,57.1707,52.707,65.2018,44.0567,67.3153,-1,69.1624,40.3319,-1,-1,-1
41.199,71.5185,73.6971,-1,-1,-1,-1,16.0474,-1,46.3841,62.7124,-1,-1,38.6974,45.3706
56.5886,36.5817,-1,41.2615,72.2953,47.3609,-1,-1,41.9041,49.1403,-1,-1,74.4188,37.4655,72.2254
-1,15.7047,50.2192,54.1694,-1,-1,-1,-1,47.859,-1,52.9851,59.9188,72.1679,47.8251,-1
59.4877,-1,59.3343,57.5112,6.58451,-1,72.4402,65.1699,-1,-1,-1,40.0601,61.6022,46.2863,48.721
31.7783,-1,57.1528,-1,50.0382,-1,50.8128,68.9537,83.2129,36.0423,-1,101.854,57.8362,102.087,-1
-1,49.8555,50.0997,40.1422,-1,46.4016,43.7291,46.778,76.064,52.8117,-1,-1,73.3598,85.6875,48.944
36.2658,27.1806,6.79993,68.8159,-1,-1,66.8043,-1,63.496,51.9993,54.7923,47.1539,47.5581,-1,69.3499
47.2722,65.8985,-1,66.1277,-1,-1,-1,96.0901,41.9398,-1,49.0905,58.2649,54.7774,66.7968,58.2736
91.9066,-1,68.1967,54.0946,-1,-1,-1,74.2307,-1,-1,70.4884,-1,60.7098,32.9619,22.2513
88.7047,48.3763,73.0364,45.8739,75.0591,-1,-1,72.8947,43.9172,-1,66.522,-1,-1,99.6653,70.8275
48.394,-1,-1,-1,53.9075,-1,67.8472,-1,51.1085,86.5401,-1,60.072,70.7081,-1,10.0532
58.2386,-1,51.383,55.3143,101.989,27.3731,53.5686,34.6166,-1,30.2781,29.5257,87.082,41.6371,63.5549,48.4641
59.0472,57.6329,43.4339,45.4503,61.4617,50.9118,-1,50.0588,-1,26.6896,53.3079,73.9159,-1,81.4187,45.0145
47.9587,-1,62.2722,54.3518,48.8993,-1,-1,54.5882,20.7903,50.111,-1,-1,-1,-1,52.5507
-1,-1,-1,56.1323,-1,80.5705,62.4896,72.7014,48.4574,36.1881,-1,100.43,66.4646,40.4949,85.3657
51.246,59.3558,-1,72.4775,-1,-1,-1,46.997,101.712,82.907,54.3252,27.1142,-1,63.8429,-1
-1,44.6714,50.5148,90.2395,65.9817,48.526,-1,88.7149,-1,53.4011,22.2563,75.2411,66.1912,74.7594,-1
90.6139,43.1321,-1,-1,-1,48.9718,-1,100.206,38.407,90.8823,15.1509,50.7403,37.4584,49.2174,-1
-1,42.9048,81.0983,50.0875,53.2034,36.0822,44.3429,101.709,43.6674,72.1067,9.54784,-1,-1,-1,-1
50.3723,39.4714,-1,-1,30.0235,44.0683,-1,47.361,30.3865,51.4069,54.674,34.8618,23.4965,16.2261,37.1495
-1,74.1646,1.03831,-1,80.1217,42.2719,-1,-1,52.3045,-1,48.1325,-1,54.7732,10.2639,-1
49.3242,-1,-1,-1,-1,-1,-1,56.6346,-1,52.3639,-1,25.7971,-1,-1,81.1062
56.0668,77.7474,73.4054,68.652,-1,-1,48.5336,49.1485,43.4327,47.4205,45.2553,-1,-1,48.4678,87.5958
-1,-1,24.1175,46.5367,33.5676,13.6943,1.56752,-1,46.3,50.5131,55.4224,6.76772,-1,63.842,59.0128
-1,57.186,-1,-1,78.2721,57.6255,-1,41.5055,55.7905,72.8692,45.8928,-1,51.4866,53.8706,47.0757
52.672,10.5858,42.3008,43.3335,51.0326,-1,39.4604,58.2564,-1,-1,-1,62.3938,61.313,-1,45.1843
-1,76.5548,47.0497,45.8816,40.5077,64.3807,102.103,34.6291,-1,-1,63.3175,62.4258,66.5334,16.7855,-1
88.9512,-1,-1,-1,95.4918,71.5895,35.7063,-1,-1,-1,-1,-1,-1,84.0556,59.211
35.9684,-1,-1,51.2745,-1,46.3459,59.8477,-1,-1,-1,-1,28.9014,-1,31.5238,47.3903
64.0662,-1,73.2993,-1,-1,61.1297,44.8648,42.8024,40.2922,-1,-1,40.9216,66.1822,100.441,-1
-1,102.165,66.4808,-1,35.4337,49.6313,-1,-1,44.9464,91.7551,98.0883,42.9224,-1,-1,-1
-1,62.9694,-1,-1,62.3804,26.8626,56.5908,69.3855,85.431,53.4555,44.9973,42.3806,-1,54.3227,30.8758
52.8201,84.9066,44.5659,49.2205,9.78432,83.3822,31.7055,37.4264,-1,74.436,-1,78.773,61.7242,76.163,-1
-1,-1,-1,-1,-1,-1,51.1869,15.513,31.6286,-1,44.7248,50.6985,80.9745,56.8998,101.817
-1,85.1804,4.3009,50.8576,85.5456,51.8942,50.3729,51.7666,-1,10.9819,-1,57.6329,-1,64.5048,-1
45.0985,61.7997,40.9891,-1,60.9622,-1,57.6377,33.2056,43.6328,45.6849,60.4704,-1,-1,22.6857,64.6393
44.0536,-1,76.9319,16.2404,-1,45.6572,78.8765,-1,-1,50.0786,66.1641,54.9028,33.013,49.0501,56.8002
47.0937,-1,-1,-1,28.721,-1,12.3092,55.1501,63.8212,50.3333,-1,88.0982,101.284,79.1177,50.1372
53.8227,-1,55.1402,-1,52.4628,-1,-1,-1,45.0156,-1,43.497,72.0936,58.6393,62.3287,-1
71.9411,12.6421,67.6093,9.91594,62.4144,35.8046,80.8495,-1,51.7807,-1,10.0234,59.0276,68.36,54.6086,-1
-1,102.163,-1,58.8127,84.1944,48.6758,50.6525,7.11635,-1,63.7813,-1,-1,-1,84.9032,52.4031
-1,102.209,-1,54.6716,59.0255,62.6518,90.7224,82.9966,-1,83.0891,60.4178,52.2256,65.7854,96.1394,51.4727
54.7841,45.577,54.681,102.194,83.5071,32.7407,63.3684,57.5014,-1,61.5787,54.3129,72.7927,-1,101.311,59.6749
0.906776,-1,55.2636,3.29179,-1,26.2446,46.3436,34.931,26.6777,41.2917,26.1069,61.55,61.9499,47.5053,-1
54.0611,54.7168,36.039,35.7255,85.4803,-1,-1,-1,-1,38.6762,26.8697,100.035,-1,75.6311,-1
49.7039,61.9948,53.4698,64.65,52.2282,33.8194,-1,104.422,-1,90.7039,-1,-1,86.7627,-1,43.2245
-1,-1,13.1291,46.2168,36.9752,92.4029,-1,-1,48.0503,61.9443,44.5333,80.0645,53.3236,-1,64.8018
43.9703,43.7472,60.0557,87.8936,-1,60.6754,20.3033,-1,89.9983,46.3728,100.126,104.542,-1,53.9476,-1
-1,93.1197,50.1585,103.853,-1,-1,-1,87.4836,41.4106,51.2003,4.37165,60.4686,-1,15.5428,44.3783
-1,97.0333,-1,45.417,-1,48.9497,-1,44.5312,-1,55.4828,52.2998,-1,-1,-1,-1
-1,54.2136,-1,47.008,-1,51.4039,49.8339,100.475,49.0901,54.4979,11.0733,57.5734,-1,49.2068,57.3334
43.8298,42.1301,84.4509,84.1892,92.6237,52.4803,49.3135,91.5074,48.7789,46.4582,46.9947,-1,10.2641,46.8361,69.1197
-1,-1,83.1814,78.0388,54.1415,44.1469,-1,-1,67.5087,54.1339,66.9264,-1,-1,-1,-1
15.7953,-1,69.0071,-1,49.0429,-1,45.4053,-1,85.4426,-1,82.2221,-1,72.6836,19.8957,34.6745
-1,35.9849,42.7715,97.1506,51.7572,-1,15.6877,100.683,-1,40.4445,69.1516,84.0698,-1,86.6451,69.8099
28.7685,100.218,45.6707,39.9104,47.6118,11.4395,71.0401,104.538,44.3577,43.8011,70.7851,81.7441,100.63,81.5927,50.8319
81.1029,21.5457,64.6581,-1,6.65002,93.7288,-1,49.4697,86.2491,72.768,58.0912,75.0244,-1,105.445,-1
87.0312,40.5196,-1,86.2991,-1,-1,49.3003,-1,-1,104.683,48.9175,104.154,51.4588,105.864,19.157
84.0357,-1,90.2841,97.4796,105.05,-1,68.6076,-1,72.5116,-1,75.9621,96.6641,5.51737,52.7915,66.8767
103.423,93.6433,99.6335,-1,55.8967,103.811,59.7921,-1,-1,70.7507,87.2245,-1,1.63911,102.013,61.6682
-1,68.1126,66.3074,-1,77.7963,47.4432,15.6475,-1,48.741,104.473,53.1163,57.2331,32.7689,99.6324,-1
13.2678,-1,73.3867,57.3168,-1,59.3294,74.7009,68.2714,-1,19.9001,105.375,29.5735,101.907,-1,-1
55.3614,85.5781,105.76,-1,-1,-1,-1,11.6282,8.72524,88.2646,104.553,86.6091,105.918,-1,96.3784
40.5584,105.473,38.0184,99.241,100.384,-1,18.2199,88.7711,-1,-1,105.279,-1,56.2295,36.8608,102.781
