-1,-1,-1,-1,-1,-1,-1,-1,-1,-1
-1,-1,-1,-1,54.1685,68.7045,-1,-1,-1,-1
-1,42.0155,-1,-1,61.1901,-1,-1,-1,-1,-1
52.0224,74.5832,50.5986,-1,-1,-1,-1,19.9729,-1,-1
29.1732,-1,-1,-1,-1,-1,-1,-1,-1,-1
-1,-1,-1,-1,-1,-1,-1,-1,-1,-1
-1,-1,-1,-1,-1,-1,12.085,-1,42.741,76.345
-1,108.451,-1,-1,-1,-1,-1,-1,-1,-1
-1,-1,-1,-1,-1,-1,-1,19.8537,-1,-1
-1,-1,-1,-1,-1,-1,45.8871,-1,-1,-1
-1,-1,-1,-1,13.3467,-1,-1,-1,-1,-1
-1,-1,-1,-1,77.4508,-1,-1,-1,-1,35.3287
-1,-1,-1,-1,-1,-1,-1,-1,-1,-1
-1,77.13,-1,-1,-1,-1,-1,-1,-1,-1
-1,-1,38.2344,-1,-1,-1,81.1684,-1,48.1948,-1
-1,-1,28.3454,-1,104.478,52.024,-1,-1,-1,-1
-1,-1,-1,-1,63.4368,65.8859,59.2715,-1,72.6335,106.587
24.1575,11.6669,-1,-1,-1,-1,-1,-1,-1,-1
-1,-1,-1,-1,-1,-1,-1,-1,13.7624,-1
-1,-1,-1,-1,-1,-1,-1,-1,-1,-1
52.3878,-1,10.1438,-1,-1,-1,-1,-1,-1,-1
-1,-1,-1,-1,-1,-1,-1,-1,-1,55.4988
47.9232,-1,-1,-1,-1,-1,-1,-1,62.9664,47.6015
-1,-1,-1,-1,-1,-1,36.4438,-1,-1,-1
-1,-1,-1,-1,-1,16.4028,70.8943,5.77634,42.8263,-1
-1,-1,-1,-1,-1,-1,-1,-1,92.2751,-1
-1,-1,57.5355,-1,19.6297,-1,-1,49.6124,7.08153,-1
54.9736,-1,-1,-1,47.7617,11.6217,-1,-1,-1,21.9138
83.8356,-1,-1,3.92847,-1,-1,-1,-1,-1,-1
-1,-1,-1,-1,-1,-1,-1,-1,-1,-1
-1,-1,-1,-1,-1,-1,89.9431,-1,-1,-1
-1,-1,-1,-1,-1,44.8869,-1,-1,40.0727,-1
-1,-1,-1,-1,-1,-1,-1,-1,81.0395,-1
-1,-1,51.6107,-1,-1,-1,1.44593,-1,-1,-1
13.7171,-1,-1,-1,-1,-1,42.2239,-1,-1,-1
-1,-1,-1,-1,-1,-1,13.9497,49.2121,-1,-1
-1,-1,-1,70.1134,56.1093,-1,-1,-1,-1,-1
-1,-1,28.7378,-1,-1,-1,20.116,59.0746,-1,77.3008
-1,-1,-1,-1,35.6263,5.29668,-1,-1,-1,-1
-1,-1,-1,62.1175,18.2486,-1,-1,-1,-1,-1
79.6448,-1,-1,-1,-1,-1,-1,-1,101.216,-1
86.4851,10.9544,-1,-1,80.6422,-1,77.2209,-1,-1,-1
108.366,-1,90.7737,-1,-1,-1,48.5334,-1,-1,-1
-1,-1,78.8843,-1,-1,50.0365,-1,90.3821,-1,-1
103.572,-1,-1,-1,37.3078,95.2163,-1,-1,-1,-1
-1,-1,48.7867,-1,16.3731,45.3851,-1,24.769,-1,-1
-1,-1,-1,-1,-1,-1,-1,-1,-1,-1
-1,-1,-1,72.5419,-1,-1,-1,-1,-1,-1
-1,50.7132,-1,-1,-1,-1,-1,-1,-1,-1
-1,-1,5.52662,52.0483,-1,-1,-1,-1,47.0294,11.1816
-1,-1,41.7409,-1,-1,-1,14.9411,-1,-1,-1
-1,-1,66.0346,-1,37.3254,-1,-1,-1,-1,-1
-1,-1,42.9375,-1,-1,-1,-1,-1,-1,-1
-1,-1,54.2208,-1,-1,99.2725,-1,-1,72.9291,-1
42.8232,-1,-1,-1,-1,52.7907,-1,-1,-1,-1
-1,-1,-1,-1,-1,-1,51.2667,-1,101.995,11.4482
-1,-1,-1,104.64,-1,-1,-1,-1,86.0422,-1
-1,-1,-1,-1,-1,53.6079,-1,-1,-1,-1
-1,-1,-1,-1,59.7229,70.185,-1,-1,-1,-1
-1,-1,31.8516,-1,21.3037,56.2562,49.0283,-1,-1,-1
-1,-1,-1,-1,108.126,-1,-1,-1,-1,-1
39.5452,-1,-1,9.02024,75.2923,-1,108.19,47.1923,-1,-1
-1,-1,-1,-1,-1,92.3138,73.7344,-1,53.0152,30.2224
-1,-1,37.0488,37.0908,4.94894,-1,50.6039,-1,108.751,-1
110.694,114.796,-1,-1,-1,-1,-1,-1,-1,-1
-1,-1,-1,-1,-1,-1,73.9937,-1,-1,-1
-1,95.5523,104.315,-1,70.7807,-1,-1,-1,-1,-1
-1,113.692,-1,-1,-1,-1,-1,-1,-1,-1
-1,114.399,-1,-1,-1,-1,-1,-1,96.0107,-1
-1,-1,-1,47.5638,-1,-1,-1,-1,-1,52.2945
114.131,-1,-1,5.58899,-1,93.2195,-1,-1,-1,0.861272
114.641,52.1587,-1,-1,78.8063,89.4765,18.1114,-1,-1,-1
24.0632,-1,-1,-1,-1,-1,114.802,-1,36.7017,-1
105.026,-1,-1,-1,-1,-1,71.0882,32.9091,-1,-1
-1,-1,-1,-1,48.022,-1,5.23308,-1,50.3897,-1
-1,71.0376,-1,87.7626,-1,-1,107.639,37.6788,-1,-1
40.1348,-1,90.1065,-1,-1,-1,-1,-1,-1,-1
-1,-1,86.8079,-1,69.131,-1,-1,-1,-1,76.7426
-1,112.388,-1,-1,-1,89.2798,-1,-1,-1,-1
111.379,-1,44.0323,-1,-1,-1,-1,-1,89.9153,-1
114.747,-1,65.5811,89.8343,-1,-1,75.2732,45.7394,53.4779,-1
66.326,-1,-1,-1,43.4033,-1,-1,56.2152,-1,-1
-1,-1,113.326,-1,-1,-1,-1,50.9619,-1,-1
38.6001,52.6169,-1,-1,-1,-1,42.1855,-1,-1,-1
-1,4.03293,105.837,-1,-1,53.1737,-1,114.466,-1,-1
114.922,75.9466,-1,-1,-1,-1,-1,39.052,115.285,33.2072
-1,111.467,-1,-1,59.1631,-1,-1,-1,-1,-1
115.16,-1,30.8128,-1,99.6831,105.04,114.164,62.4145,-1,38.5025
114.101,-1,-1,90.3052,112.4,-1,-1,49.8038,5.49257,28.8689
-1,-1,87.1944,-1,-1,-1,-1,-1,64.119,-1
-1,93.7001,103.714,86.6222,69.4817,-1,63.824,-1,115.382,-1
-1,-1,-1,-1,105.38,-1,101.401,97.4385,-1,-1
-1,115.416,-1,102.111,-1,106.887,-1,115.431,-1,-1
-1,-1,-1,-1,-1,-1,89.9047,108.905,111.212,-1
106.229,-1,-1,-1,52.7502,104.695,-1,89.9125,-1,-1
-1,-1,-1,-1,-1,114.646,100.045,-1,104.343,-1
48.4673,-1,-1,-1,-1,115.431,111.778,-1,108.3,104.866
-1,-1,-1,-1,-1,-1,114.59,-1,112.313,-1
-1,103.958,-1,-1,57.5976,66.0491,115.458,114.316,115.289,21.5917
115.453,-1,116.129,111.134,95.3574,114.16,-1,-1,-1,115.958
