-1,-1,-1,-1,-1,-1,-1,-1,-1,64.9704,-1,-1,30.7937,-1,-1,-1,-1,42.9194,-1,-1
-1,-1,-1,-1,-1,-1,-1,-1,-1,-1,64.1354,-1,-1,-1,-1,-1,-1,-1,-1,-1
-1,-1,-1,-1,-1,-1,-1,-1,-1,-1,-1,-1,-1,-1,-1,-1,-1,-1,-1,-1
-1,-1,-1,-1,-1,-1,-1,-1,-1,-1,-1,-1,-1,-1,-1,-1,-1,-1,-1,-1
-1,-1,-1,-1,-1,-1,-1,-1,-1,-1,-1,-1,-1,-1,-1,-1,-1,-1,-1,-1
-1,-1,-1,-1,-1,-1,-1,-1,-1,-1,-1,-1,-1,-1,-1,-1,-1,-1,-1,-1
-1,-1,-1,-1,-1,-1,-1,-1,-1,-1,-1,-1,-1,-1,-1,-1,-1,90.5014,-1,-1
17.814,-1,-1,-1,-1,-1,-1,-1,12.6577,43.1232,83.5438,-1,93.555,-1,84.8571,-1,-1,87.2158,42.7446,60.5599
-1,-1,-1,-1,-1,-1,-1,-1,-1,-1,-1,-1,-1,95.5127,-1,-1,-1,-1,93.6577,-1
-1,-1,-1,-1,-1,100.589,-1,-1,-1,-1,-1,-1,-1,95.3944,-1,-1,-1,-1,-1,104.177
27.7353,83.1187,22.6986,47.1142,50.4269,49.0523,62.6847,62.2578,-1,95.6722,52.9594,-1,66.8703,62.1546,103.186,-1,36.5364,58.7053,37.9254,40.3546
99.9329,53.1383,38.3102,65.0202,50.6983,67.918,76.2981,41.6112,62.9951,61.8735,53.4781,56.9121,99.5644,68.4086,19.8582,73.3379,98.8867,67.6142,63.223,-1
83.1483,77.8266,101.129,81.3414,103.657,73.3433,99.1285,57.9899,55.7345,66.5047,51.4052,51.68,-1,58.904,-1,-1,-1,35.5611,80.0573,-1
-1,-1,-1,-1,-1,-1,-1,-1,-1,-1,-1,-1,-1,-1,-1,-1,-1,-1,-1,-1
59.7598,-1,-1,49.8227,52.4415,19.6273,14.7616,-1,67.8588,24.1268,93.0061,70.7292,82.2486,68.8194,81.4188,-1,87.331,39.166,85.0547,-1
-1,-1,-1,-1,-1,-1,-1,91.707,-1,-1,-1,-1,-1,-1,-1,-1,-1,-1,-1,-1
78.559,49.6984,-1,25.2152,88.6318,-1,51.8927,-1,-1,50.4783,75.8627,-1,86.2744,55.1856,65.2578,-1,-1,-1,19.9053,92.7236
58.748,43.3189,82.6174,-1,54.6937,44.7329,72.7802,-1,-1,54.6909,81.8523,68.5983,49.5047,83.2377,71.6609,6.4788,60.4593,44.682,90.4341,73.9337
67.8428,65.9365,104.441,64.4391,47.1642,42.8891,69.6383,-1,98.3767,74.9616,61.486,68.806,-1,92.0702,73.6676,-1,51.1729,-1,67.8227,75.9006
93.1568,-1,-1,-1,-1,-1,-1,-1,-1,-1,-1,-1,-1,-1,-1,-1,-1,-1,-1,104.859
99.9986,67.496,76.8654,45.934,58.5614,36.8595,99.6599,55.6009,64.2963,100.018,-1,76.584,85.1957,89.2585,85.6859,58.2553,60.8889,50.1848,80.9982,36.5425
80.4751,47.3289,82.7235,-1,51.317,63.1085,35.9387,49.2355,70.4545,99.7419,-1,69.9014,59.4794,47.5548,77.1052,65.7724,19.666,98.3902,51.8209,68.5168
78.2404,76.2537,45.4617,35.7797,58.8128,92.6297,101.035,90.0888,79.1557,62.5505,-1,55.0071,79.0358,39.2832,48.1989,70.7537,93.2146,58.8394,60.9077,19.545
92.7982,64.4366,77.7804,55.2589,98.278,21.9614,104.852,69.0819,95.0852,52.6426,-1,30.0006,42.5264,55.9973,83.9772,18.757,21.6317,64.4073,-1,85.3615
-1,-1,-1,-1,-1,-1,103.67,-1,-1,-1,-1,-1,-1,-1,-1,-1,-1,-1,-1,-1
55.515,61.4059,78.9405,59.2242,-1,47.2858,82.0104,71.3175,61.9601,98.1756,94.7078,-1,-1,70.1924,73.8503,-1,72.321,50.4603,70.9134,60.9958
77.0784,101.131,-1,100.127,-1,69.1788,15.7231,84.717,49.1083,90.192,66.5904,40.7531,59.1338,91.0922,65.9867,61.0934,52.065,95.253,66.6311,-1
-1,-1,-1,-1,-1,-1,-1,-1,-1,-1,-1,-1,-1,-1,-1,-1,-1,91.13,-1,-1
-1,-1,-1,-1,-1,-1,-1,-1,-1,-1,-1,103.189,-1,104.915,-1,-1,-1,-1,-1,-1
-1,-1,-1,-1,-1,-1,-1,-1,-1,-1,-1,-1,-1,-1,-1,-1,-1,-1,92.1594,-1
56.7482,100.85,58.3759,70.5667,79.9431,81.7984,104.252,24.3847,60.5893,64.1756,7.39002,104.563,70.9776,98.948,61.5264,104.576,62.9334,104.73,64.7246,-1
-1,-1,-1,-1,95.395,-1,-1,-1,-1,-1,-1,-1,-1,-1,-1,-1,-1,-1,-1,-1
-1,-1,-1,83.9477,-1,-1,-1,-1,-1,-1,-1,-1,-1,-1,-1,-1,-1,-1,-1,-1
-1,-1,-1,-1,-1,-1,-1,-1,-1,-1,-1,-1,-1,103.135,104.919,-1,-1,-1,-1,-1
-1,-1,-1,-1,-1,-1,-1,98.3924,-1,-1,-1,-1,-1,-1,-1,-1,-1,-1,-1,-1
-1,-1,-1,-1,-1,-1,-1,-1,-1,-1,-1,-1,-1,-1,-1,-1,-1,-1,97.8656,-1
-1,-1,-1,-1,-1,-1,-1,-1,-1,-1,-1,-1,-1,-1,-1,-1,103.817,-1,-1,-1
-1,-1,-1,-1,-1,-1,-1,-1,-1,-1,104.541,-1,-1,-1,-1,-1,-1,-1,-1,-1
79.57,71.5062,49.2474,71.9335,101.259,97.2983,102.663,18.2196,67.7326,-1,101.589,73.5635,84.3656,88.7902,104.432,102.892,82.7171,103.46,25.7503,-1
82.1284,22.6252,57.4838,56.4557,61.3568,60.3946,78.108,86.562,100.992,-1,64.8967,82.1958,62.4108,57.4316,105.367,63.2752,98.44,53.8796,104.634,41.4335
-1,25.5638,72.3293,27.6868,-1,-1,106.74,88.8997,111.263,-1,-1,-1,96.8548,63.5744,93.585,59.3214,-1,104.383,-1,-1
-1,-1,-1,-1,102.293,76.2691,55.8752,107.748,110.409,106.45,-1,-1,99.4074,107.904,110.818,88.295,-1,-1,-1,-1
34.9737,54.781,102.371,36.2114,-1,-1,106.735,-1,75.126,-1,63.061,-1,92.6322,59.7612,-1,68.0216,41.7674,52.8903,106.06,-1
-1,-1,-1,-1,-1,108.369,-1,-1,-1,-1,111.487,-1,-1,-1,-1,-1,-1,-1,-1,-1
57.3049,-1,99.2299,78.2607,110.822,-1,6.97419,-1,41.2146,-1,-1,89.7994,-1,104.229,106.868,-1,112.012,86.1471,-1,100.341
-1,107.441,-1,-1,97.9952,65.2808,101.39,101.242,-1,46.234,-1,107.4,112.514,-1,-1,-1,-1,33.1018,110.883,101.888
52.7969,91.8821,103.917,100.92,110.085,41.039,80.7124,114.088,17.8821,-1,110.602,-1,97.1187,104.479,94.16,-1,108.704,-1,92.3072,107.354
114.092,-1,43.123,-1,-1,-1,98.3294,105.906,-1,110.21,113.829,-1,-1,102.578,111.406,72.8446,88.3116,104.109,-1,-1
-1,-1,109.543,-1,76.4419,-1,-1,-1,113.274,108.874,114.561,-1,108.674,112.924,-1,113.684,111.649,113.785,-1,96.4746
-1,-1,114.663,-1,111.946,106.056,102.104,104.535,-1,-1,114.135,80.1828,25.1435,-1,-1,-1,112.031,-1,-1,-1
