-1,-1,60.448,-1,-1,-1,-1,-1,-1,-1,76.452,-1,53.8518,55.5439,-1,-1,-1,-1,3.37431,-1
-1,-1,-1,-1,-1,-1,-1,-1,-1,-1,117.068,-1,-1,105.408,-1,-1,-1,-1,-1,-1
-1,-1,-1,35.5956,-1,-1,-1,-1,-1,-1,-1,-1,-1,-1,-1,118.276,23.171,36.3466,-1,-1
-1,-1,57.8271,-1,-1,-1,-1,-1,-1,65.2015,-1,-1,-1,-1,-1,118.682,20.5055,-1,67.1179,-1
31.4713,-1,-1,-1,-1,-1,-1,-1,-1,-1,-1,-1,74.3437,-1,-1,-1,-1,-1,120.253,-1
-1,6.44871,-1,63.4227,-1,-1,-1,-1,-1,-1,-1,-1,73.2215,8.1434,-1,-1,-1,4.61022,110.404,42.8545
-1,-1,-1,113.677,-1,-1,-1,-1,49.1652,-1,-1,-1,-1,-1,-1,50.213,-1,-1,-1,-1
-1,-1,78.4754,107.807,-1,49.8599,-1,-1,58.0284,83.2381,-1,-1,-1,-1,76.4184,-1,-1,-1,38.2035,-1
-1,-1,-1,113.678,-1,-1,-1,-1,-1,-1,-1,-1,-1,-1,-1,-1,-1,-1,-1,-1
60.4563,-1,-1,-1,-1,-1,-1,-1,-1,-1,89.147,-1,-1,-1,122.626,-1,46.9759,-1,-1,98.902
-1,-1,32.6707,-1,49.5809,-1,60.0199,-1,-1,-1,-1,112.565,-1,-1,-1,-1,-1,-1,102.35,-1
34.2854,-1,-1,-1,110.3,116.388,-1,-1,-1,-1,-1,120.59,-1,-1,-1,53.1236,-1,-1,-1,29.9982
-1,8.00011,-1,-1,-1,122.704,-1,-1,-1,-1,-1,-1,-1,-1,-1,68.0989,51.2274,-1,-1,-1
-1,-1,-1,94.7321,60.5206,-1,-1,-1,-1,-1,49.8032,-1,-1,-1,-1,-1,80.8997,-1,-1,-1
38.1323,-1,-1,-1,-1,-1,-1,-1,-1,48.8955,-1,-1,-1,-1,-1,-1,-1,-1,-1,79.6313
-1,60.6526,121.164,-1,-1,111.161,-1,-1,-1,-1,72.8462,65.874,-1,100.683,-1,-1,6.67958,50.9309,-1,-1
-1,-1,-1,-1,-1,-1,-1,-1,-1,-1,-1,-1,-1,89.9451,-1,-1,-1,-1,-1,-1
-1,-1,-1,64.6715,-1,106.804,91.0789,-1,-1,43.9676,8.16684,62.2182,-1,-1,22.5671,-1,-1,112.554,-1,-1
-1,-1,-1,-1,-1,-1,-1,-1,-1,64.7125,-1,48.9132,48.6287,96.9521,67.0914,36.3297,52.7232,-1,-1,-1
-1,-1,43.8596,-1,98.1841,-1,-1,-1,-1,-1,83.4043,-1,-1,-1,-1,-1,52.2808,-1,-1,-1
-1,-1,-1,112.99,50.4741,117.732,-1,-1,-1,-1,-1,59.0899,-1,-1,-1,-1,55.2474,-1,-1,-1
-1,-1,-1,-1,-1,88.3659,-1,40.3534,-1,110.354,-1,90.1793,86.0522,-1,-1,-1,-1,-1,-1,62.9897
-1,-1,-1,86.2688,-1,115.784,-1,-1,-1,-1,-1,-1,102.176,56.5954,65.5841,-1,-1,-1,6.71486,-1
40.4942,-1,-1,-1,-1,100.417,-1,66.1599,59.6668,63.915,-1,-1,-1,-1,-1,-1,-1,-1,49.3154,-1
7.31778,-1,-1,-1,-1,-1,-1,-1,28.624,-1,-1,-1,-1,-1,-1,38.9196,-1,-1,-1,-1
-1,-1,29.2247,-1,-1,54.824,-1,-1,107.461,-1,50.4637,-1,-1,-1,-1,-1,-1,-1,-1,-1
84.709,-1,41.6395,-1,92.338,-1,-1,-1,-1,-1,-1,-1,-1,-1,-1,-1,-1,59.1849,-1,-1
-1,-1,-1,-1,-1,53.9738,106.458,85.2598,115.49,-1,61.5872,1.63307,-1,-1,-1,79.1692,-1,-1,-1,56.4173
20.6845,-1,-1,-1,63.5213,68.2948,122.584,-1,-1,89.2383,-1,-1,-1,-1,-1,-1,60.9353,-1,34.8394,-1
-1,-1,99.366,-1,120.984,-1,121.777,-1,-1,-1,38.7056,100.798,-1,-1,46.2536,63.2941,115.238,-1,-1,-1
39.0741,-1,-1,20.9337,-1,44.0767,-1,-1,-1,-1,72.674,-1,62.4813,24.879,62.7197,114.618,-1,77.2832,-1,-1
-1,96.2612,-1,-1,-1,78.5285,-1,-1,-1,68.2187,54.8027,-1,-1,-1,-1,-1,-1,14.2283,37.6751,115.167
-1,50.9762,-1,88.1715,3.80946,80.9141,84.9863,-1,-1,-1,-1,61.7198,38.4489,-1,-1,-1,-1,104.16,-1,-1
-1,-1,54.339,-1,-1,77.2441,-1,79.0784,105.87,-1,-1,-1,-1,56.6675,-1,-1,-1,-1,-1,93.813
4.86125,-1,-1,-1,-1,26.4915,56.9132,-1,-1,-1,-1,-1,-1,-1,-1,-1,-1,-1,63.4556,-1
96.5686,-1,-1,-1,115.274,-1,45.3736,-1,-1,-1,-1,-1,-1,-1,-1,-1,61.6085,-1,-1,-1
-1,-1,-1,104.805,-1,-1,-1,55.3658,-1,67.6708,-1,-1,-1,-1,-1,8.86253,53.4391,-1,121.682,96.0498
-1,-1,101.762,101.364,-1,60.8948,111.006,-1,-1,-1,33.6955,-1,-1,-1,71.7718,-1,-1,-1,-1,111.121
-1,-1,-1,-1,-1,112.29,115.777,-1,120.118,45.2592,-1,123.514,-1,-1,115.38,-1,-1,81.9495,-1,107.979
-1,-1,-1,-1,-1,-1,-1,-1,-1,92.9082,-1,-1,-1,68.423,-1,75.1152,-1,-1,-1,-1
-1,120.205,-1,-1,55.279,64.7221,60.4038,101.54,-1,-1,-1,-1,68.381,-1,-1,66.3019,-1,-1,109.526,78.0287
-1,84.6924,-1,-1,-1,-1,111.414,-1,-1,-1,-1,84.0494,121.885,44.6476,10.8109,-1,-1,-1,89.4638,-1
-1,-1,-1,108.351,-1,-1,-1,-1,-1,-1,-1,-1,-1,-1,-1,-1,-1,-1,-1,-1
-1,-1,-1,8.88777,-1,105.421,114.351,-1,-1,119.764,124.379,-1,-1,-1,-1,-1,-1,58.1326,42.0418,86.9285
-1,67.1369,-1,-1,116.798,121.981,121.402,-1,-1,-1,107.151,61.0389,124.396,-1,-1,115.862,-1,-1,-1,-1
101.254,-1,117.148,-1,120.941,-1,22.0688,-1,-1,46.3502,-1,100.37,122.613,117.587,-1,-1,-1,-1,-1,-1
113.165,-1,120.687,-1,119.192,115.751,101.268,-1,-1,-1,64.6192,117.689,-1,-1,-1,-1,-1,-1,-1,34.9493
109.17,-1,102.682,-1,-1,-1,117.987,-1,114.434,-1,112.116,110.371,-1,-1,23.7508,119.977,24.9267,46.1825,-1,124.433
116.012,108.364,106.237,111.387,-1,-1,-1,120.819,-1,114.321,124.447,49.0437,-1,90.4505,98.8471,58.7927,97.3366,123.989,-1,121.326
-1,-1,124.443,123.659,-1,122.42,116.725,123.668,118.724,117.634,123.368,-1,-1,49.5774,124.514,118.153,57.3944,-1,121.732,121.225
