-1,-1,-1,6.10111,-1,-1,-1,-1,-1,-1,64.5528,-1,-1,-1,-1,-1,-1,57.7975,-1,-1
-1,-1,61.7373,-1,-1,-1,-1,-1,-1,-1,-1,-1,-1,46.9226,-1,-1,-1,-1,-1,16.3179
-1,-1,-1,-1,-1,-1,-1,86.7573,-1,-1,-1,98.1786,-1,-1,-1,-1,-1,-1,-1,-1
57.7766,-1,-1,-1,42.9581,-1,-1,51.7325,44.0884,81.0391,-1,-1,-1,34.0078,-1,-1,-1,-1,-1,-1
-1,60.9784,-1,-1,56.5029,-1,-1,-1,-1,27.543,-1,-1,-1,-1,-1,-1,-1,-1,-1,-1
-1,-1,-1,-1,-1,-1,-1,-1,-1,-1,-1,-1,-1,-1,-1,-1,-1,-1,-1,-1
-1,-1,-1,-1,90.1297,-1,-1,-1,-1,-1,-1,27.0206,60.0388,44.8049,48.6098,-1,-1,-1,-1,8.91793
-1,-1,-1,-1,-1,-1,-1,-1,53.4553,73.0457,-1,-1,-1,-1,87.4864,-1,58.1317,-1,-1,-1
-1,-1,-1,72.101,-1,-1,29.4307,-1,55.6885,-1,-1,-1,-1,48.775,-1,56.383,-1,-1,-1,-1
78.5966,-1,-1,57.169,-1,58.9259,-1,-1,67.4791,-1,-1,-1,0.845568,87.2432,-1,-1,-1,-1,-1,-1
-1,-1,-1,-1,62.8554,48.4403,77.1645,-1,43.6497,-1,-1,-1,1.27286,-1,50.4246,-1,-1,-1,-1,-1
48.749,-1,-1,43.3034,-1,40.6097,-1,-1,-1,-1,15.0218,-1,-1,-1,-1,-1,-1,-1,-1,-1
-1,-1,-1,-1,-1,-1,-1,-1,-1,-1,-1,-1,-1,-1,-1,-1,-1,-1,-1,-1
-1,-1,43.1292,49.1778,-1,-1,-1,-1,-1,-1,-1,-1,-1,-1,-1,-1,56.4821,-1,42.3669,-1
-1,-1,-1,-1,-1,48.0684,48.3097,-1,69.3749,-1,-1,-1,-1,-1,51.6204,-1,58.6196,76.815,-1,-1
-1,-1,-1,-1,-1,-1,-1,-1,-1,-1,-1,-1,-1,-1,-1,-1,111.078,-1,-1,-1
-1,52.9209,-1,-1,-1,-1,-1,-1,-1,-1,-1,-1,-1,-1,-1,-1,-1,-1,-1,-1
74.3912,-1,-1,78.4718,-1,-1,-1,-1,-1,-1,59.2248,-1,6.61849,-1,-1,-1,-1,-1,-1,-1
-1,-1,-1,-1,-1,-1,-1,-1,-1,-1,-1,-1,-1,-1,-1,-1,-1,-1,-1,-1
-1,-1,-1,-1,-1,-1,-1,10.9305,-1,49.0402,-1,-1,-1,-1,-1,-1,31.7543,60.7677,-1,-1
-1,-1,-1,-1,-1,-1,-1,-1,-1,35.9028,-1,-1,-1,-1,60.6525,-1,21.3911,-1,52.1688,-1
-1,59.9908,-1,-1,-1,-1,-1,-1,98.2989,-1,44.9911,-1,-1,-1,-1,26.2908,-1,-1,106.751,-1
-1,-1,-1,-1,-1,-1,-1,-1,54.9728,-1,-1,63.4498,12.3233,-1,-1,-1,-1,52.9392,-1,-1
38.7774,81.9118,-1,-1,-1,-1,-1,37.2022,61.026,-1,22.1159,-1,-1,-1,-1,102.299,-1,-1,-1,-1
-1,68.5965,-1,-1,-1,67.9025,-1,-1,63.8668,-1,57.7801,-1,-1,-1,89.2219,-1,37.1744,-1,-1,-1
95.0523,46.6293,55.3699,-1,41.1152,-1,-1,-1,34.3697,-1,49.1061,-1,-1,-1,-1,-1,-1,-1,58.7628,-1
83.6404,-1,39.0435,-1,-1,-1,-1,-1,-1,88.853,-1,6.16298,-1,-1,-1,-1,-1,-1,42.949,-1
98.3791,-1,-1,-1,-1,106.742,95.3758,-1,55.5859,-1,101.921,-1,-1,65.1658,-1,-1,-1,-1,-1,53.599
-1,-1,23.2492,-1,52.5307,53.7539,63.4568,-1,-1,-1,-1,-1,-1,-1,-1,-1,-1,-1,-1,-1
83.0185,-1,60.3372,-1,-1,-1,-1,-1,-1,-1,-1,-1,-1,-1,-1,-1,-1,-1,-1,-1
-1,92.4381,-1,-1,-1,56.7807,-1,-1,-1,-1,-1,-1,-1,-1,-1,-1,-1,-1,-1,53.8812
-1,-1,-1,46.8088,-1,-1,-1,106.172,55.6497,18.2844,-1,-1,-1,27.5687,-1,-1,-1,-1,61.8063,-1
-1,-1,-1,-1,-1,-1,51.6606,-1,-1,71.399,-1,56.2359,-1,64.2575,-1,-1,-1,92.6654,-1,-1
61.5529,-1,70.9253,-1,-1,89.6892,-1,50.4537,-1,51.0256,-1,-1,-1,-1,-1,-1,-1,15.7632,-1,-1
-1,50.9575,-1,-1,96.9782,32.4095,-1,-1,-1,-1,-1,-1,-1,31.9388,-1,56.1205,6.03435,-1,67.1101,-1
34.011,9.67672,-1,-1,-1,-1,-1,-1,-1,-1,-1,35.9078,67.3104,55.3032,-1,-1,-1,-1,-1,-1
-1,-1,50.1359,-1,-1,-1,58.2858,113.4,-1,-1,61.0995,-1,57.1192,-1,-1,45.0326,-1,-1,-1,79.3594
48.5185,-1,-1,-1,-1,-1,57.2428,56.877,-1,-1,-1,-1,-1,-1,-1,-1,-1,63.2659,-1,-1
-1,-1,-1,-1,15.9574,-1,-1,-1,-1,-1,-1,-1,42.5151,-1,-1,-1,83.333,-1,-1,54.9254
-1,-1,-1,-1,-1,-1,66.6334,-1,111.772,-1,-1,-1,-1,-1,-1,-1,-1,-1,-1,-1
-1,-1,-1,-1,-1,-1,-1,-1,-1,-1,48.2784,-1,-1,-1,69.3823,-1,-1,-1,-1,-1
-1,-1,-1,-1,-1,-1,-1,-1,-1,-1,-1,-1,-1,-1,-1,-1,112.713,-1,-1,-1
-1,-1,-1,-1,-1,-1,-1,-1,-1,-1,-1,-1,-1,-1,-1,-1,-1,110.953,-1,-1
-1,-1,-1,-1,-1,-1,-1,-1,-1,-1,-1,-1,-1,106.634,-1,-1,-1,-1,-1,-1
-1,-1,-1,-1,-1,-1,-1,-1,-1,49.8456,-1,9.21246,-1,-1,-1,-1,-1,-1,-1,47.6939
49.7845,-1,65.305,-1,-1,-1,-1,-1,35.2504,-1,50.8979,-1,-1,-1,-1,-1,-1,-1,72.6929,-1
-1,-1,-1,-1,-1,-1,-1,-1,-1,33.0344,-1,-1,-1,-1,-1,52.4093,-1,-1,-1,-1
67.082,58.6618,-1,-1,-1,-1,-1,90.2161,-1,-1,51.7035,72.7886,-1,-1,-1,-1,-1,-1,-1,-1
-1,-1,-1,-1,-1,98.4475,-1,-1,-1,-1,49.2794,-1,79.5315,-1,113.805,-1,-1,-1,44.574,21.882
-1,-1,-1,-1,-1,79.7821,-1,-1,-1,-1,-1,-1,16.7535,112.744,-1,-1,56.6578,68.6899,-1,36.7447
112.229,-1,-1,-1,-1,-1,-1,-1,-1,-1,-1,-1,-1,-1,-1,-1,-1,-1,-1,-1
-1,-1,-1,88.9681,-1,-1,-1,-1,-1,-1,-1,-1,79.5739,-1,23.2381,-1,-1,-1,-1,69.014
-1,-1,-1,-1,-1,-1,-1,-1,-1,-1,-1,-1,86.7954,-1,63.3009,-1,-1,-1,-1,-1
-1,-1,108.979,-1,-1,112.672,-1,-1,93.6679,-1,-1,53.7233,-1,-1,-1,84.9881,-1,-1,-1,-1
-1,-1,-1,-1,-1,63.4922,-1,-1,-1,2.79691,-1,-1,44.9839,-1,-1,-1,-1,52.8413,-1,-1
-1,-1,-1,-1,-1,-1,-1,-1,-1,51.5226,-1,51.7237,-1,-1,-1,-1,-1,-1,-1,44.4798
-1,-1,-1,62.6432,-1,-1,-1,-1,54.0794,-1,-1,-1,-1,-1,-1,-1,-1,63.4585,50.2824,-1
-1,-1,-1,59.3845,-1,-1,28.853,-1,41.4634,-1,-1,-1,-1,-1,-1,-1,-1,-1,-1,-1
-1,-1,-1,-1,-1,106.917,-1,-1,-1,-1,-1,54.3566,-1,-1,-1,-1,54.6772,-1,-1,-1
-1,-1,-1,-1,-1,-1,-1,-1,-1,-1,-1,-1,6.49668,-1,-1,-1,-1,-1,39.3861,93.6298
-1,-1,-1,-1,-1,46.2357,-1,-1,-1,-1,-1,-1,24.837,-1,-1,-1,108.381,-1,52.9272,-1
-1,-1,113.457,-1,-1,-1,-1,-1,-1,25.5693,-1,45.1695,-1,-1,-1,-1,-1,89.4256,-1,-1
-1,-1,-1,65.3731,25.5822,-1,-1,67.1091,-1,-1,50.1034,-1,-1,-1,-1,-1,-1,-1,32.2134,-1
-1,-1,57.4843,58.8492,60.5723,-1,75.3562,-1,-1,79.4226,-1,-1,-1,29.1626,-1,32.5199,-1,61.068,83.2814,-1
42.6052,45.0844,-1,60.7986,2.3561,-1,-1,-1,-1,-1,-1,-1,-1,-1,-1,-1,-1,-1,-1,-1
-1,-1,-1,76.3384,-1,-1,-1,-1,-1,94.8041,-1,-1,-1,-1,-1,-1,60.3356,-1,-1,-1
-1,51.3308,67.9997,-1,44.4776,59.4988,-1,-1,-1,-1,-1,-1,-1,-1,-1,-1,-1,-1,-1,-1
-1,-1,-1,-1,-1,-1,-1,-1,-1,-1,86.4099,-1,-1,-1,-1,1.86137,93.5949,-1,-1,-1
-1,-1,-1,47.9973,101.584,-1,-1,-1,-1,58.7177,65.5746,-1,-1,-1,19.9228,-1,-1,-1,-1,-1
-1,-1,-1,-1,-1,-1,-1,70.3038,39.6295,-1,-1,-1,-1,55.9817,-1,66.6271,-1,57.2553,60.2315,-1
-1,-1,-1,-1,-1,-1,-1,-1,-1,-1,-1,42.7475,-1,-1,-1,-1,-1,-1,-1,-1
80.0188,63.9968,-1,-1,113.549,-1,-1,-1,-1,-1,-1,-1,-1,-1,-1,-1,86.9632,-1,-1,31.9216
3.55153,-1,-1,104.375,-1,-1,-1,-1,-1,-1,-1,49.7537,-1,-1,-1,52.8927,-1,-1,-1,-1
-1,98.6432,6.64128,23.1273,-1,-1,-1,-1,-1,-1,-1,-1,-1,-1,112.403,-1,-1,-1,-1,-1
-1,-1,63.4269,-1,-1,109.401,-1,52.2435,-1,44.8094,-1,-1,-1,-1,-1,-1,-1,-1,-1,57.9876
-1,-1,92.7017,-1,37.1505,53.8465,116.67,-1,-1,-1,-1,-1,-1,-1,51.1471,-1,-1,-1,112.212,-1
-1,-1,43.9394,3.97534,-1,110.629,-1,10.353,-1,-1,-1,-1,-1,-1,-1,-1,-1,106.68,61.6889,-1
-1,47.0303,-1,-1,61.3188,-1,-1,-1,-1,111.346,-1,-1,-1,43.4533,50.4269,-1,-1,-1,52.6265,-1
-1,-1,-1,-1,61.4848,61.9724,-1,-1,-1,71.0068,64.7917,46.2768,-1,-1,106.6,-1,-1,-1,43.1763,61.6319
22.3581,-1,-1,-1,-1,-1,-1,50.3715,-1,-1,56.1132,-1,-1,-1,59.4422,-1,-1,-1,-1,-1
79.6736,-1,-1,38.2169,-1,-1,-1,51.2803,-1,-1,-1,-1,-1,60.0983,-1,-1,-1,52.4484,-1,-1
56.7123,-1,-1,-1,-1,-1,100.269,69.2458,-1,-1,80.3739,41.9203,-1,-1,-1,68.9342,-1,-1,-1,-1
-1,-1,-1,-1,-1,-1,-1,71.7408,-1,-1,42.2502,-1,-1,-1,-1,104.687,-1,-1,-1,31.4146
4.00198,57.4374,-1,-1,-1,-1,-1,-1,108.337,-1,-1,-1,-1,24.8212,106.625,-1,117.147,-1,-1,-1
-1,-1,51.2703,-1,-1,-1,-1,-1,-1,-1,-1,51.1505,-1,-1,-1,-1,113.49,63.5372,-1,109.541
77.8507,-1,-1,-1,-1,-1,-1,-1,-1,-1,-1,-1,-1,-1,44.3462,-1,-1,114.013,-1,115.71
-1,-1,-1,-1,-1,-1,-1,-1,64.3708,-1,-1,83.1824,-1,-1,-1,-1,-1,68.491,-1,-1
73.2444,58.0357,-1,-1,-1,-1,103.359,-1,-1,43.6357,-1,-1,-1,-1,83.871,-1,53.6375,-1,-1,43.6359
-1,54.9076,68.085,-1,-1,51.3709,66.0931,-1,53.5371,-1,-1,-1,-1,-1,-1,-1,-1,-1,-1,-1
76.6083,57.9506,49.9233,-1,-1,-1,44.2853,-1,-1,53.1726,85.6935,-1,-1,-1,-1,-1,-1,-1,66.5655,-1
-1,69.1093,108.498,-1,55.2421,-1,-1,-1,-1,-1,-1,-1,23.7244,-1,-1,-1,-1,-1,-1,-1
-1,-1,-1,-1,59.7324,53.0309,-1,-1,58.405,20.2981,44.9942,-1,117.136,-1,-1,-1,54.0004,-1,-1,-1
-1,-1,106.022,-1,-1,76.0592,-1,48.1499,-1,-1,-1,45.1503,100.806,43.5617,-1,-1,-1,-1,-1,-1
-1,-1,55.8067,57.243,-1,-1,-1,-1,-1,44.9175,56.4442,-1,55.8037,-1,-1,74.0678,55.7346,-1,-1,-1
76.8785,57.9609,-1,-1,82.1043,58.1788,93.4731,114.434,-1,46.7113,-1,-1,74.4349,86.1712,-1,115.217,58.2586,-1,19.5956,-1
38.7423,-1,48.0208,-1,53.3297,-1,-1,75.103,-1,-1,-1,-1,-1,-1,81.94,-1,-1,-1,-1,-1
117.114,-1,67.8606,-1,-1,-1,-1,-1,54.362,-1,-1,-1,-1,-1,-1,43.7374,-1,-1,-1,-1
115.769,93.0671,-1,-1,41.7442,-1,-1,-1,-1,49.845,-1,-1,-1,-1,41.2447,-1,-1,-1,-1,43.1626
-1,-1,-1,58.7835,38.6025,116.495,-1,44.9485,-1,67.5739,-1,-1,-1,-1,78.0216,63.4404,-1,44.9458,115.111,-1
-1,92.058,-1,76.3682,-1,-1,-1,-1,-1,-1,-1,-1,-1,-1,-1,-1,-1,-1,-1,54.6754
-1,-1,-1,-1,-1,81.5393,117.066,56.3543,-1,66.8033,64.7767,-1,-1,-1,-1,-1,6.72186,-1,96.2288,-1
66.6001,54.1992,-1,-1,-1,-1,-1,-1,-1,-1,-1,46.9248,46.3593,106.445,-1,-1,-1,-1,-1,78.9503
67.3644,80.291,-1,10.4873,-1,-1,-1,-1,-1,-1,-1,57.0459,115.441,-1,-1,-1,-1,-1,-1,84.111
101.188,39.1373,-1,-1,-1,-1,56.3691,-1,-1,46.3008,-1,56.935,-1,-1,-1,-1,-1,-1,114.441,75.4203
54.7134,55.6776,-1,-1,94.4234,-1,56.1977,-1,-1,-1,56.0245,74.0708,40.5016,-1,69.7585,-1,-1,-1,-1,-1
85.2956,-1,58.4841,88.3988,61.8554,-1,-1,-1,-1,-1,-1,-1,64.4434,-1,-1,-1,-1,-1,61.654,44.8547
67.4991,-1,-1,91.625,-1,-1,-1,-1,59.2088,-1,12.0175,-1,-1,-1,-1,-1,-1,-1,-1,47.7369
-1,46.978,-1,-1,-1,-1,-1,44.2541,107.698,-1,-1,-1,-1,62.106,44.8653,-1,-1,-1,-1,-1
82.1319,-1,117.729,-1,34.0203,-1,94.6902,-1,-1,102.719,-1,-1,-1,104.036,111.449,-1,-1,-1,-1,-1
111.284,-1,107.346,-1,-1,43.367,-1,75.727,-1,50.3707,-1,-1,53.1846,-1,-1,-1,86,45.515,55.8045,-1
63.0885,-1,71.9811,56.799,-1,-1,-1,-1,-1,88.9751,44.3516,118.802,-1,-1,-1,69.3971,-1,-1,-1,47.1242
75.1406,-1,74.1648,-1,-1,89.2789,-1,-1,-1,-1,-1,-1,-1,-1,82.4371,-1,-1,-1,-1,-1
-1,66.5187,78.5419,-1,117.014,7.78513,-1,5.46291,-1,-1,44.8225,65.904,-1,-1,-1,-1,-1,-1,-1,44.7626
-1,-1,-1,-1,-1,-1,-1,-1,-1,63.7881,-1,-1,-1,-1,-1,-1,67.1464,-1,59.5481,-1
-1,-1,111.174,-1,54.5859,-1,-1,58.2161,-1,51.087,-1,-1,-1,53.8768,-1,46.1508,-1,-1,-1,-1
115.938,-1,-1,-1,-1,-1,-1,-1,-1,-1,-1,-1,105.755,50.4239,44.9866,-1,28.4256,-1,-1,-1
56.4579,-1,-1,101.859,73.7436,-1,93.0934,-1,46.648,-1,-1,-1,-1,49.6922,-1,-1,-1,-1,-1,-1
57.7648,-1,-1,57.2889,-1,118.685,119.417,-1,46.5614,53.5179,57.7389,46.2353,73.1172,73.7843,-1,-1,-1,-1,59.9628,-1
-1,-1,59.0838,-1,-1,102.363,42.22,31.095,-1,117.418,85.4242,59.0428,-1,-1,-1,-1,-1,-1,63.7924,-1
-1,-1,111.841,-1,-1,-1,-1,-1,-1,-1,-1,117.852,43.8307,-1,-1,57.9356,-1,-1,72.8462,-1
62.7574,-1,-1,68.9972,-1,-1,-1,-1,-1,-1,44.9678,-1,-1,92.2488,-1,59.6056,-1,-1,-1,-1
-1,63.0969,43.2582,-1,45.0011,-1,-1,-1,-1,46.7475,-1,-1,48.4294,-1,-1,-1,-1,-1,-1,-1
41.7108,-1,-1,-1,-1,58.0455,-1,12.1437,43.5094,74.0008,-1,56.1697,-1,-1,-1,-1,12.8155,-1,-1,-1
-1,-1,-1,110.028,-1,-1,-1,-1,-1,-1,24.2413,-1,60.1889,-1,-1,-1,-1,-1,-1,76.7405
89.0626,62.9081,60.9326,69.7802,-1,-1,-1,-1,57.1586,-1,-1,-1,86.6592,-1,-1,44.0703,-1,-1,82.1852,-1
-1,-1,33.4451,42.7933,-1,-1,53.0203,-1,-1,-1,-1,-1,28.0812,-1,-1,24.0274,-1,-1,118.879,-1
-1,57.5191,-1,-1,53.4619,-1,-1,-1,-1,48.9334,-1,32.4259,-1,28.7018,60.9706,-1,-1,-1,55.0169,49.7896
57.7766,48.6435,115.883,-1,-1,-1,44.6985,87.5761,-1,-1,15.487,-1,-1,-1,-1,-1,41.9239,58.1887,-1,-1
-1,-1,-1,-1,-1,-1,-1,-1,-1,-1,-1,76.0888,-1,82.7204,-1,-1,120.057,-1,-1,115.37
-1,-1,41.8724,-1,56.8304,-1,-1,-1,-1,-1,-1,-1,-1,-1,-1,-1,118.668,-1,56.3701,117.228
66.5454,-1,114.602,44.429,-1,62.2496,-1,49.695,-1,-1,67.8821,-1,-1,100.605,72.8409,-1,-1,-1,-1,-1
-1,-1,69.0111,-1,-1,-1,-1,-1,-1,111.619,-1,-1,-1,-1,-1,51.5044,-1,-1,-1,46.8536
-1,-1,82.2688,42.8731,-1,-1,11.4814,-1,59.027,58.1944,-1,-1,-1,-1,-1,-1,36.7351,60.1828,120.547,-1
-1,44.2326,116.461,21.3392,-1,-1,78.0175,-1,-1,51.2075,40.0012,44.7976,73.1255,-1,41.7456,-1,61.1103,-1,-1,105.814
75.0859,-1,55.7809,-1,-1,-1,-1,-1,119.082,-1,-1,-1,-1,-1,-1,-1,96.4731,-1,-1,-1
111.295,-1,116.164,-1,52.7522,-1,83.3914,79.6708,-1,-1,45.2511,56.532,-1,-1,57.6244,48.8438,-1,120.428,107.619,51.5456
25.9687,-1,52.9404,-1,-1,-1,54.3713,-1,-1,-1,54.5589,-1,-1,-1,-1,-1,66.6952,77.5515,120.624,-1
-1,-1,-1,-1,-1,-1,71.7369,-1,44.2021,-1,-1,-1,-1,42.1035,-1,-1,115.084,-1,99.0854,-1
-1,-1,58.1359,-1,50.713,98.9311,-1,-1,-1,65.0087,15.6861,-1,119.845,-1,-1,-1,-1,62.2668,55.982,-1
41.6473,111.343,-1,-1,-1,-1,-1,-1,-1,-1,44.6653,-1,56.331,-1,-1,-1,114.841,80.0444,116.903,97.6966
-1,56.4611,55.9324,64.2056,68.0929,54.4436,71.9882,-1,45.4238,9.97639,46.4403,-1,-1,-1,-1,-1,-1,-1,-1,-1
-1,-1,-1,-1,56.5038,-1,-1,-1,-1,27.6915,-1,42.8282,-1,-1,59.3699,-1,-1,-1,-1,-1
39.9628,-1,57.5574,-1,102.749,45.812,-1,-1,-1,-1,54.5097,-1,-1,47.4963,78.4157,-1,-1,55.5977,-1,68.0247
51.3888,-1,-1,-1,-1,-1,100.851,61.4946,-1,47.7621,-1,48.9048,67.5897,-1,-1,-1,-1,53.2578,23.9777,13.405
-1,42.2277,-1,-1,-1,-1,32.6162,61.0075,-1,-1,-1,115.458,117.956,-1,58.7467,-1,-1,116.755,-1,-1
117.253,-1,-1,-1,-1,45.2159,-1,67.7813,-1,70.184,-1,-1,-1,-1,-1,-1,59.6185,75.9179,-1,55.9865
73.6151,-1,-1,-1,98.8619,-1,-1,-1,-1,59.2374,-1,-1,-1,-1,-1,-1,60.6718,120.365,-1,38.8568
-1,68.3747,-1,44.7655,-1,-1,-1,-1,42.9183,-1,-1,44.2181,115.754,-1,-1,-1,119.753,-1,43.8656,-1
-1,64.7438,99.8635,51.6643,98.2718,-1,-1,-1,-1,-1,-1,-1,112.895,-1,-1,-1,-1,77.6699,-1,-1
52.0555,-1,-1,53.1883,-1,11.0918,58.7137,-1,-1,-1,-1,-1,94.0992,58.0568,41.3119,-1,55.4426,-1,118.367,-1
-1,41.7765,-1,-1,-1,-1,120.473,41.3531,-1,-1,-1,-1,-1,52.8023,54.7002,106.841,-1,-1,-1,-1
47.7272,-1,-1,58.8895,52.662,-1,-1,81.9263,-1,43.9081,-1,-1,52.7964,-1,99.8723,39.9857,34.4089,-1,70.3131,87.5675
106.344,79.8513,42.9838,-1,51.8303,41.6039,119.368,109.366,65.4235,53.7948,57.7526,83.0571,74.9418,-1,-1,-1,52.7139,57.4045,23.3232,-1
-1,-1,-1,76.6184,111.524,-1,54.1427,-1,-1,59.4043,-1,101.955,89.8138,26.2903,-1,-1,91.4156,53.5292,-1,-1
46.9172,-1,-1,115.689,-1,-1,-1,-1,-1,-1,-1,-1,104.703,-1,65.4273,58.0533,-1,-1,-1,20.4535
56.9433,-1,-1,116.811,65.0907,-1,45.8676,58.0871,29.8957,-1,-1,-1,-1,46.7457,3.40589,52.2862,-1,53.6544,-1,-1
-1,42.0372,42.8001,120.266,-1,-1,-1,-1,64.667,-1,-1,60.1995,-1,-1,-1,69.1344,-1,109.892,53.8449,-1
-1,61.7831,-1,69.4439,-1,92.9661,-1,89.6062,-1,-1,-1,79.8742,-1,31.5099,-1,-1,-1,18.4809,75.8601,-1
-1,59.9102,69.1112,-1,-1,-1,-1,77.1008,-1,-1,-1,42.4839,-1,-1,-1,-1,96.4289,-1,54.6027,-1
19.2731,63.0493,53.7037,45.3126,-1,50.6129,-1,62.8899,49.7166,-1,-1,119.814,-1,-1,-1,-1,-1,57.924,73.5653,-1
-1,-1,-1,116.599,-1,90.1712,-1,42.4247,40.9255,-1,72.1643,-1,-1,26.3976,70.7297,-1,29.9759,-1,-1,-1
-1,-1,34.2006,109.935,-1,-1,-1,-1,-1,-1,-1,-1,-1,-1,-1,58.7584,-1,-1,50.4758,-1
25.151,-1,111.461,120.326,-1,-1,-1,-1,90.8199,-1,-1,-1,53.2929,42.9743,-1,86.1261,46.5856,62.8131,-1,-1
-1,-1,-1,76.6229,-1,-1,-1,-1,-1,-1,-1,115.837,-1,-1,-1,74.594,-1,-1,-1,-1
-1,18.5187,-1,9.85594,58.7792,-1,53.0582,116.372,-1,-1,-1,60.2859,-1,44.3688,-1,-1,-1,-1,-1,-1
-1,70.586,-1,81.3687,-1,-1,28.1688,-1,-1,-1,-1,56.1202,-1,-1,-1,-1,-1,-1,91.925,104.385
-1,73.5072,-1,-1,59.4506,61.3806,-1,-1,51.6989,61.8799,-1,-1,48.5164,-1,120.549,113.868,-1,58.6522,-1,13.4627
-1,-1,-1,115.528,34.9485,-1,52.6711,-1,-1,-1,-1,44.8573,-1,22.0182,-1,-1,-1,-1,59.3898,62.8198
59.4052,-1,-1,-1,-1,110.581,58.2069,50.265,-1,46.0717,-1,-1,-1,-1,-1,-1,-1,-1,120.208,-1
-1,-1,-1,-1,-1,89.9799,-1,-1,43.0953,-1,-1,-1,-1,-1,-1,-1,50.558,-1,56.5204,50.6527
-1,62.2528,87.583,50.7382,-1,-1,-1,-1,-1,-1,-1,47.2338,-1,59.6416,72.7964,48.4779,93.9828,-1,-1,-1
-1,35.6185,-1,113.949,-1,113.847,45.7636,-1,-1,-1,-1,-1,-1,-1,-1,-1,-1,-1,58.0891,-1
63.0684,5.87537,-1,71.2853,-1,-1,72.889,-1,-1,-1,55.3838,-1,55.8702,-1,-1,-1,-1,-1,-1,55.1181
-1,84.9464,-1,52.1729,49.8602,-1,-1,-1,42.901,119.958,103.842,95.3617,-1,-1,-1,56.3544,-1,-1,-1,-1
-1,72.7615,82.6025,-1,-1,81.3594,-1,109.112,-1,-1,-1,-1,-1,-1,-1,-1,-1,-1,90.8616,-1
-1,-1,28.0439,-1,56.9564,-1,43.6989,55.3103,-1,63.1093,-1,118.993,-1,-1,-1,-1,48.4073,-1,112.232,35.6025
116.924,-1,36.1276,90.9676,56.9734,-1,-1,67.0124,44.8932,82.1355,58.813,118.987,-1,-1,-1,-1,-1,-1,-1,90.1691
-1,-1,-1,-1,74.2453,-1,-1,-1,-1,-1,-1,-1,31.2228,-1,-1,-1,52.3304,-1,78.3935,-1
46.9959,94.2594,112.713,-1,-1,-1,-1,120.735,-1,64.6546,-1,-1,69.488,-1,50.9751,-1,115.257,-1,78.3404,-1
-1,-1,-1,-1,-1,-1,-1,-1,40.6523,-1,-1,-1,-1,-1,-1,-1,-1,-1,71.6633,-1
63.5684,120.838,-1,-1,-1,43.7614,8.92048,-1,-1,-1,-1,-1,109.595,57.839,-1,43.176,54.4849,-1,-1,-1
47.9694,61.9589,-1,-1,113.703,-1,-1,45.3852,97.8182,103.958,59.9831,43.4125,-1,-1,-1,-1,71.1231,41.2873,64.4032,-1
-1,-1,-1,73.5497,-1,-1,-1,-1,76.9581,-1,48.7561,-1,-1,-1,115.768,-1,-1,112.588,-1,54.4159
46.5982,49.8747,-1,-1,-1,-1,-1,-1,-1,-1,-1,120.988,-1,-1,57.7219,62.8457,52.43,67.7937,-1,55.674
-1,-1,-1,25.5927,119.645,-1,42.2287,-1,53.2608,58.1485,44.7841,56.774,-1,-1,-1,102.853,115.684,119.812,-1,-1
-1,-1,-1,-1,-1,-1,30.3948,-1,-1,-1,-1,66.0574,-1,79.284,-1,112.167,79.9261,-1,-1,-1
68.7073,-1,-1,43.359,-1,-1,104.718,-1,56.0532,108.13,-1,-1,58.1277,-1,-1,98.4048,61.1702,-1,79.3142,95.0851
-1,-1,-1,-1,57.4959,56.5067,27.4198,-1,-1,-1,44.7298,69.9016,50.2372,4.28094,-1,-1,-1,-1,-1,-1
-1,-1,-1,116.712,84.5177,72.6779,-1,36.7833,42.0519,-1,-1,-1,-1,-1,73.0945,55.343,-1,-1,76.0477,62.3677
-1,-1,-1,-1,92.3389,-1,-1,-1,12.0898,55.7899,81.0938,76.8096,-1,-1,-1,114.709,55.7633,45.1699,-1,-1
88.6959,-1,-1,-1,-1,69.3864,-1,49.0595,55.0798,-1,-1,114.903,-1,-1,-1,59.075,-1,55.3286,6.89928,60.6665
100.619,61.3121,-1,-1,73.022,-1,-1,-1,93.4269,44.9515,-1,-1,-1,-1,114.878,120.452,-1,-1,-1,-1
61.9592,81.7453,-1,45.7174,-1,76.3396,61.19,75.3137,110.478,-1,-1,-1,120.885,-1,-1,61.9038,-1,-1,-1,59.9111
-1,87.818,107.916,111.094,-1,-1,-1,-1,-1,75.4555,65.4151,-1,116.912,-1,55.8458,-1,-1,-1,-1,74.9883
-1,-1,-1,104.82,-1,-1,20.4294,-1,-1,101.577,104.048,109.606,63.0975,-1,62.1845,-1,80.2912,-1,45.7747,-1
60.7365,121.054,-1,-1,60.3935,52.9516,-1,-1,-1,-1,115.223,118.925,-1,-1,103.993,51.2528,51.1868,-1,-1,-1
106.759,83.4467,56.7833,-1,-1,57.4984,-1,-1,-1,72.9875,-1,73.2264,-1,80.0009,-1,87.1378,-1,70.6201,-1,97.2633
-1,-1,-1,-1,-1,84.9011,-1,-1,75.2589,87.749,50.4164,120.179,-1,-1,-1,-1,-1,70.6255,-1,-1
-1,99.9629,71.2948,-1,-1,-1,116.471,93.4191,74.5647,-1,-1,109.275,-1,-1,-1,-1,-1,120.883,114.276,88.9442
46.2509,103.297,-1,103.403,57.0914,77.01,-1,72.1418,-1,-1,-1,-1,105.856,-1,56.8891,62.6365,44.0094,18.5706,-1,-1
70.7345,-1,-1,-1,-1,111.978,-1,-1,-1,-1,-1,75.1306,114.465,-1,90.8241,-1,79.7305,120.092,-1,93.6883
-1,119.644,62.3295,47.9432,-1,91.2604,-1,-1,-1,45.7474,41.9482,-1,-1,64.2682,114.66,-1,-1,51.9155,-1,-1
61.7515,-1,107.991,-1,-1,64.2585,-1,-1,-1,109.973,-1,43.909,-1,-1,-1,66.5703,-1,70.8346,-1,-1
114.933,-1,98.2287,-1,-1,113.817,-1,115.764,-1,-1,-1,-1,97.2397,76.0392,72.3252,105.861,-1,118.172,-1,80.9491
-1,60.2619,-1,-1,82.8016,114.032,60.3019,-1,87.2574,28.9163,42.3804,-1,-1,101.266,-1,118.821,119.546,114.139,-1,-1
-1,62.3697,-1,54.8051,-1,92.1698,114.015,-1,-1,-1,-1,-1,91.5973,68.5693,-1,-1,-1,92.2969,98.2844,67.0435
120.884,70.917,56.8716,-1,-1,-1,-1,-1,93.9326,-1,56.4273,-1,90.9057,-1,-1,115.74,46.5092,5.61198,-1,-1
-1,120.288,-1,-1,-1,-1,66.8191,51.7744,-1,-1,29.2479,-1,11.7668,-1,64.3606,71.9926,-1,-1,-1,-1
-1,116.782,-1,85.033,-1,-1,-1,-1,-1,44.7955,54.2938,-1,-1,-1,-1,-1,46.6367,-1,90.7076,82.7362
68.5411,-1,-1,-1,101.535,54.1792,37.9972,-1,84.356,-1,-1,-1,-1,-1,120.968,52.4093,62.7476,56.789,-1,-1
-1,92.2098,-1,-1,110.967,120.777,-1,-1,82.442,101.212,-1,47.9607,59.9455,57.8065,-1,7.10061,-1,103.822,61.8129,23.1533
112.495,-1,-1,62.502,37.1968,61.9958,-1,-1,-1,99.8629,-1,-1,-1,-1,71.0619,-1,59.1119,-1,-1,115.356
56.4543,-1,-1,-1,69.2371,111.079,47.716,-1,71.6707,-1,53.6186,-1,79.2842,60.7198,-1,43.4113,-1,-1,60.3026,-1
-1,64.6295,-1,52.5784,60.8043,57.1884,-1,84.4753,-1,56.1502,84.7835,-1,-1,115.306,71.7552,-1,-1,-1,-1,94.4125
-1,70.7798,-1,-1,119.678,-1,76.4541,-1,-1,111.964,60.1551,56.343,-1,-1,-1,-1,-1,7.27637,-1,94.9311
120.537,-1,-1,-1,41.6914,97.3214,121.035,82.9608,114.781,-1,81.0231,29.648,-1,-1,116.865,-1,85.0473,-1,-1,-1
-1,-1,-1,80.9528,-1,106.612,-1,38.4667,105.571,-1,-1,84.1578,-1,-1,-1,-1,62.7872,47.7408,115.63,-1
115.688,-1,49.105,-1,-1,-1,-1,56.7757,76.3611,99.1087,-1,-1,120.38,121.059,-1,23.2922,90.2132,81.3505,-1,10.9556
120.531,73.8574,-1,-1,117.026,57.2528,25.0083,-1,76.0645,45.4996,-1,-1,-1,114.799,-1,113.778,104.501,96.9309,-1,-1
-1,104.156,89.3016,-1,-1,79.4914,58.3678,46.7915,116.177,65.8644,-1,-1,-1,-1,118.92,70.358,101.495,-1,-1,-1
55.6856,-1,-1,41.6853,106.721,81.4212,20.6621,-1,-1,-1,88.0796,69.3189,-1,-1,93.022,-1,55.2787,-1,-1,-1
-1,61.73,-1,-1,-1,87.3013,121.048,-1,-1,71.655,-1,-1,105.87,80.77,-1,-1,56.3942,-1,45.8076,69.0276
-1,85.9367,59.2521,-1,-1,120.704,-1,-1,-1,103.58,54.7788,92.3159,-1,114.562,11.3856,-1,-1,107.181,-1,52.4109
44.9819,51.1217,66.3359,96.6028,111.516,-1,120.8,32.2456,120.126,66.7594,24.6023,116.622,-1,-1,105.514,73.2182,-1,110.679,-1,-1
57.8413,104.989,93.2777,-1,57.6924,-1,119.829,-1,64.5207,-1,-1,-1,-1,-1,118.758,60.3249,-1,-1,-1,-1
-1,120.532,68.4422,-1,-1,81.66,-1,-1,-1,-1,74.1634,-1,79.0169,57.4466,116.241,-1,-1,57.2414,104.199,114.755
-1,-1,119.723,-1,-1,-1,-1,-1,-1,97.8489,111.936,2.4959,76.9169,62.2124,-1,63.4493,-1,119.959,-1,119.287
113.989,-1,-1,-1,41.9963,-1,100.465,-1,106.004,94.1103,72.0148,-1,-1,81.3243,58.2065,98.7343,-1,118.83,-1,-1
-1,-1,-1,-1,-1,120.324,118.357,-1,114.994,-1,-1,112.133,-1,103.383,115.419,100.901,5.80938,-1,-1,58.998
-1,56.1887,-1,-1,15.6364,-1,-1,-1,112.9,45.1884,88.894,120.338,-1,121.037,119.385,-1,-1,-1,-1,63.0362
-1,-1,-1,91.2873,116.479,75.8903,-1,111.538,88.6899,27.0952,119.87,70.2767,-1,-1,121.07,63.2728,115.522,79.7285,-1,109.412
-1,-1,53.5403,-1,111.496,-1,-1,85.2302,-1,115.259,-1,-1,67.4316,-1,-1,-1,121.073,-1,36.9737,116.035
-1,-1,-1,-1,72.7168,-1,84.076,-1,116.221,110.544,84.7436,-1,23.5088,-1,-1,-1,97.9291,-1,117.996,-1
-1,-1,-1,55.019,120.252,-1,-1,45.7898,99.9369,-1,109.215,-1,-1,52.4079,51.897,-1,108.141,-1,-1,-1
59.7169,110.135,54.5616,70.092,118.226,-1,16.1741,46.638,109.764,-1,-1,-1,-1,-1,35.2934,55.6264,-1,-1,-1,-1
111.725,-1,96.4572,116.253,112.681,119.915,87.1431,-1,104.248,53.1523,107.601,116.812,-1,-1,-1,-1,48.6023,44.7184,-1,87.3333
120.55,-1,-1,-1,-1,43.5804,-1,20.8844,27.3077,-1,107.457,33.4816,65.7667,-1,-1,83.2436,-1,116.115,-1,-1
-1,-1,-1,-1,-1,-1,-1,105.668,119.544,47.8256,97.136,114.577,114.971,-1,84.3817,80.9125,66.5282,-1,114.382,-1
-1,48.2682,87.5592,-1,121.092,-1,93.1773,-1,100.363,112.083,114.232,-1,-1,-1,115.413,4.4398,116.046,-1,72.6305,105.578
104.417,91.9299,-1,-1,77.8604,-1,85.2467,44.7479,-1,121.141,115.746,-1,49.4037,112.068,118.85,-1,-1,100.205,103.816,-1
-1,-1,-1,90.9221,-1,115.859,-1,98.5799,-1,107.032,92.482,-1,101.828,91.4161,-1,114.238,114.963,114.742,120.713,121.167
-1,120.914,116.342,109.584,110.306,111.1,-1,-1,77.027,-1,107.109,103.683,116.958,75.8957,58.4377,-1,-1,-1,-1,-1
108.078,-1,121.102,109.632,119.257,112.876,100.932,120.868,-1,-1,114.342,120.689,116.685,-1,117.042,-1,-1,-1,-1,108.546
-1,-1,120.733,-1,120.891,115.254,-1,121.166,-1,-1,120.79,-1,-1,-1,120.085,-1,-1,-1,95.3621,116.743
-1,89.7761,121.156,-1,-1,121.138,-1,-1,85.4723,104.565,121.121,112.096,62.9546,111.484,120.794,119.81,80.0191,-1,-1,120.749
111.646,115.711,120.085,116.454,-1,120.605,111.438,117.724,116.007,-1,120.984,114.378,-1,98.4495,108.664,120.885,-1,-1,114.299,-1
119.936,120.788,-1,-1,68.7178,-1,112.176,-1,-1,-1,-1,-1,-1,121.161,121.16,46.6579,104.556,112.436,120.196,119.329
-1,-1,-1,-1,-1,120.122,116.269,-1,66.6763,-1,-1,111.936,115.147,116.774,116.881,-1,-1,-1,-1,119.993
120.493,116.39,-1,-1,113.685,-1,118.529,116.519,60.6412,-1,-1,114.292,120.526,121.166,120.949,109.687,-1,115.904,46.5345,121.157
121.069,-1,-1,120.375,43.9869,99.195,112.135,121.164,-1,105.387,50.8559,119.814,121.03,-1,4.68969,-1,120.935,120.191,120.764,-1
