-1,-1,-1,-1,-1,-1,-1,72.8771,-1,-1,-1,-1,-1,-1,-1,-1,-1,-1,-1,-1
-1,-1,-1,-1,-1,78.047,-1,-1,-1,-1,-1,-1,-1,-1,-1,-1,-1,-1,45.611,-1
25.5298,-1,65.8578,-1,51.9094,51.0359,-1,-1,-1,-1,-1,-1,-1,-1,-1,-1,-1,-1,-1,-1
-1,-1,23.0275,-1,34.3408,-1,14.5156,-1,-1,-1,78.9309,73.528,-1,44.3009,-1,55.7605,23.3145,-1,-1,-1
-1,-1,-1,-1,-1,-1,-1,-1,-1,-1,77.4368,-1,-1,52.5702,31.3305,72.2505,-1,-1,-1,-1
50.1662,-1,-1,-1,50.0989,-1,-1,-1,-1,-1,-1,-1,-1,6.61652,44.2093,23.0317,-1,-1,-1,25.1132
-1,-1,-1,-1,85.3514,-1,48.9465,-1,-1,52.9146,-1,-1,10.7959,-1,-1,-1,-1,-1,2.73326,-1
30.0778,-1,-1,-1,4.28029,52.8643,-1,-1,-1,-1,-1,-1,-1,-1,-1,16.552,-1,-1,-1,-1
67.3217,-1,-1,-1,81.6354,-1,-1,-1,-1,-1,-1,-1,40.4467,-1,-1,34.0267,43.336,-1,-1,-1
40.2154,71.1881,-1,-1,75.9486,-1,-1,-1,-1,58.3225,81.3864,52.9146,12.7981,-1,-1,6.14374,-1,-1,-1,-1
-1,-1,-1,-1,-1,-1,-1,-1,-1,92.1255,-1,109.182,-1,-1,-1,-1,-1,-1,-1,-1
21.3286,-1,30.686,-1,-1,-1,69.9771,-1,-1,-1,55.8214,42.9762,-1,29.542,19.836,-1,32.2571,26.4961,-1,56.6816
65.2451,-1,67.3176,51.7121,-1,39.4787,-1,39.1394,85.5451,2.56707,-1,-1,-1,-1,-1,5.29245,-1,-1,-1,74.0168
62.8083,-1,-1,-1,-1,-1,-1,41.6868,17.1595,-1,55.5627,-1,-1,8.72414,33.3483,-1,60.4461,-1,51.914,-1
-1,-1,-1,-1,-1,-1,-1,-1,-1,-1,-1,-1,-1,-1,-1,108.459,-1,-1,-1,-1
-1,-1,-1,-1,-1,-1,-1,3.61984,58.0308,-1,-1,-1,-1,-1,-1,39.1593,6.2037,-1,37.4987,-1
-1,-1,58.5477,16.2423,14.8705,-1,64.0833,-1,64.5571,-1,-1,62.2766,-1,-1,-1,-1,56.9079,-1,-1,41.9233
-1,41.928,-1,-1,-1,-1,82.9626,26.8291,-1,-1,-1,12.0362,-1,46.0855,42.6114,-1,55.5178,-1,-1,40.9953
-1,-1,-1,-1,-1,-1,12.1583,44.3537,-1,24.3136,17.5106,12.9105,-1,-1,69.0798,-1,21.6226,56.7236,107.276,44.5812
-1,-1,-1,-1,-1,-1,-1,-1,-1,-1,-1,-1,-1,-1,106.428,-1,-1,-1,-1,-1
37.759,41.1669,28.0645,-1,-1,-1,50.1788,-1,-1,-1,-1,-1,-1,-1,-1,-1,-1,-1,38.0166,-1
21.1417,40.1422,48.3826,51.6881,-1,-1,-1,-1,55.3049,-1,69.2271,-1,-1,-1,-1,78.9083,-1,-1,50.7831,-1
67.5707,-1,77.0515,-1,-1,-1,-1,27.3554,12.8378,27.4243,56.2163,-1,-1,-1,57.6508,97.1116,47.0837,59.1295,-1,98.1986
-1,109.712,-1,-1,-1,-1,-1,-1,-1,-1,-1,-1,-1,-1,-1,-1,-1,-1,-1,-1
48.3417,-1,-1,-1,1.40603,-1,-1,51.2134,65.313,52.3452,-1,-1,19.2955,-1,-1,56.2723,-1,31.5433,45.3533,46.8205
-1,59.391,-1,45.0653,66.8043,-1,-1,78.3388,14.9609,82.148,-1,-1,-1,-1,45.0893,-1,-1,47.8311,75.2054,54.9647
-1,-1,-1,-1,-1,-1,-1,-1,-1,-1,-1,-1,-1,-1,107.282,-1,-1,-1,-1,-1
-1,106.323,-1,-1,104.357,111.123,-1,29.1463,-1,37.8632,45.4094,7.59728,-1,108.605,16.988,48.6647,-1,56.4471,24.8132,-1
-1,-1,-1,-1,-1,114.072,-1,-1,-1,-1,112.099,-1,-1,-1,-1,-1,-1,-1,-1,114.01
-1,-1,-1,-1,-1,-1,-1,-1,-1,114.586,-1,-1,-1,-1,-1,-1,-1,-1,-1,-1
-1,47.7402,-1,97.0347,-1,35.5098,-1,46.8955,-1,26.2797,23.3268,53.9157,55.8911,84.1732,-1,25.341,34.442,74.0677,-1,47.096
-1,-1,-1,-1,-1,-1,-1,-1,-1,-1,-1,-1,114.599,-1,-1,-1,-1,-1,-1,-1
46.2852,34.2503,-1,67.5354,45.0731,-1,-1,57.4266,-1,0.233958,51.9304,-1,113.79,49.4781,32.5271,40.3537,47.9349,-1,-1,45.436
-1,115.156,-1,-1,-1,-1,-1,-1,-1,-1,-1,-1,-1,-1,-1,-1,-1,-1,-1,-1
-1,-1,-1,-1,-1,-1,-1,-1,-1,-1,-1,-1,-1,-1,-1,-1,-1,-1,-1,112.954
49.3295,-1,65.2964,92.361,-1,114.698,-1,-1,-1,40.8661,50.8251,-1,20.2127,-1,-1,-1,80.755,37.8871,90.5369,52.1778
42.3001,60.9328,37.6082,63.722,53.0377,-1,-1,60.0308,-1,103.303,104.794,29.9556,106.317,74.7319,110.06,113.684,58.3924,39.5513,109.428,93.4633
-1,-1,-1,76.6609,46.1688,-1,51.0911,47.0986,-1,25.0427,34.5926,115.009,49.7972,30.7326,100.819,66.7776,-1,-1,62.7242,101.972
-1,-1,-1,-1,-1,-1,-1,-1,-1,-1,-1,116.99,-1,-1,117.073,-1,-1,-1,-1,-1
40.6431,58.6672,57.6098,-1,-1,112.372,110.644,51.9604,56.8762,103.108,-1,9.43528,37.3869,56.0353,52.8452,49.0839,16.083,6.27748,61.3069,38.4772
-1,101.019,43.952,26.8473,50.761,47.4551,71.9298,80.3496,-1,54.5925,72.1596,59.5575,-1,-1,-1,75.3794,61.3704,16.1759,29.9252,25.3224
-1,-1,-1,-1,-1,-1,-1,-1,-1,-1,-1,-1,-1,-1,-1,-1,113.519,-1,-1,-1
-1,-1,-1,-1,-1,-1,-1,-1,-1,-1,-1,-1,114.752,-1,-1,-1,-1,-1,-1,-1
-1,-1,-1,-1,-1,-1,-1,-1,-1,-1,-1,-1,117.302,-1,-1,117.446,-1,-1,-1,-1
-1,117.18,-1,-1,-1,-1,-1,-1,-1,-1,-1,-1,-1,-1,-1,-1,-1,-1,-1,-1
-1,-1,-1,-1,114.695,-1,-1,-1,-1,-1,-1,-1,-1,-1,-1,-1,-1,-1,-1,-1
-1,-1,-1,-1,-1,-1,-1,-1,-1,-1,-1,-1,-1,-1,-1,-1,-1,116.882,-1,-1
-1,-1,-1,-1,-1,-1,-1,-1,-1,-1,-1,-1,117.942,117.261,-1,-1,-1,-1,-1,-1
114.415,113.919,-1,117.578,76.0062,34.97,58.296,58.3395,118.639,54.729,5.06179,49.6209,42.1322,46.5956,-1,65.8823,119.119,75.082,95.3576,94.2484
33.1483,113.755,85.7757,-1,119.034,-1,118.221,118.631,-1,100.713,112.627,108.4,-1,103.231,114.935,-1,119.013,46.9657,103.698,101.898
