-1,-1,-1,-1,-1,-1,-1,-1,6.13711,-1
-1,-1,-1,55.3492,-1,-1,53.245,-1,-1,-1
-1,-1,-1,-1,43.6966,49.435,67.581,-1,1.77124,-1
-1,-1,-1,-1,66.7039,-1,-1,-1,-1,-1
-1,-1,-1,-1,-1,-1,39.0307,-1,-1,-1
-1,-1,-1,-1,-1,63.0838,-1,58.9046,-1,63.7164
-1,-1,-1,-1,-1,-1,38.5122,-1,-1,58.9317
78.1901,39.2463,-1,65.431,67.5286,-1,70.5593,-1,71.2617,-1
-1,-1,-1,59.9868,-1,-1,62.2376,-1,-1,-1
76.165,-1,-1,49.8003,-1,-1,53.5474,-1,-1,60.521
-1,-1,-1,-1,-1,-1,-1,-1,-1,93.2014
59.2877,-1,10.0685,-1,-1,-1,5.76405,-1,-1,-1
-1,-1,-1,24.7469,-1,81.2428,38.7761,38.2967,-1,-1
-1,5.69793,-1,-1,-1,57.5234,-1,-1,14.8179,-1
32.3491,-1,-1,-1,38.1401,-1,-1,66.3314,-1,-1
-1,93.2024,-1,-1,-1,-1,-1,-1,-1,-1
4.4342,-1,-1,-1,-1,-1,-1,-1,39.6207,-1
-1,-1,-1,55.494,-1,-1,-1,-1,-1,50.4164
-1,59.7378,-1,16.2232,53.3251,-1,-1,-1,17.0557,-1
-1,-1,-1,-1,21.0033,-1,-1,105.831,-1,-1
-1,-1,-1,53.0738,-1,-1,-1,-1,-1,-1
-1,-1,-1,-1,-1,90.4842,-1,77.9986,-1,-1
67.5908,59.0979,-1,-1,-1,-1,89.1767,-1,-1,45.9065
-1,-1,-1,-1,-1,54.0739,-1,-1,-1,-1
-1,-1,-1,28.3322,-1,-1,-1,-1,-1,-1
-1,-1,66.4574,-1,-1,-1,52.4973,-1,-1,-1
83.9165,56.179,99.4951,-1,-1,-1,-1,-1,-1,-1
-1,-1,37.0836,-1,-1,97.1036,-1,-1,-1,98.2057
-1,-1,-1,-1,13.1894,-1,66.2992,-1,-1,-1
-1,-1,-1,79.8154,-1,-1,6.90139,-1,-1,-1
-1,-1,-1,-1,38.4941,-1,-1,-1,-1,-1
-1,-1,58.3155,43.6868,48.3782,-1,-1,-1,-1,-1
-1,-1,-1,-1,-1,62.145,58.147,-1,-1,-1
-1,-1,83.6036,-1,-1,-1,-1,-1,-1,-1
-1,-1,-1,-1,-1,87.3007,-1,4.14231,27.718,61.2068
-1,-1,-1,-1,-1,-1,-1,-1,-1,61.6511
-1,-1,-1,-1,-1,-1,-1,-1,-1,-1
115.023,-1,-1,-1,-1,-1,-1,-1,-1,-1
-1,44.7315,4.94821,-1,-1,-1,-1,-1,123.259,-1
-1,60.9278,-1,49.7268,-1,-1,53.9384,-1,-1,-1
-1,21.3045,-1,-1,-1,-1,-1,-1,24.5479,-1
-1,-1,-1,-1,-1,-1,-1,-1,-1,-1
104.806,119.285,-1,-1,-1,-1,16.241,53.3719,-1,-1
-1,-1,100.261,-1,-1,-1,-1,95.7636,-1,-1
-1,-1,-1,-1,-1,-1,-1,-1,-1,-1
-1,70.0037,-1,-1,-1,-1,-1,-1,-1,46.6766
20.4537,121.997,-1,-1,-1,-1,-1,-1,-1,-1
66.1975,-1,-1,-1,-1,-1,-1,-1,48.1838,-1
-1,-1,-1,-1,-1,-1,55.0585,-1,-1,-1
-1,100.388,54.6118,-1,-1,-1,-1,-1,-1,-1
-1,-1,-1,61.8025,-1,-1,-1,-1,-1,53.5526
-1,-1,-1,-1,-1,-1,100.097,-1,-1,-1
60.0773,-1,-1,-1,-1,-1,-1,-1,-1,-1
-1,111.356,30.8349,70.6234,-1,-1,-1,-1,-1,-1
-1,89.673,59.3567,16.62,-1,-1,-1,-1,-1,-1
-1,-1,46.0812,36.2518,33.4305,-1,-1,-1,71.2447,-1
24.4057,-1,-1,-1,-1,-1,-1,-1,45.4981,-1
-1,-1,-1,-1,-1,-1,-1,-1,90.635,-1
-1,52.6206,-1,-1,-1,-1,-1,-1,-1,-1
-1,-1,-1,-1,-1,-1,-1,56.7882,-1,-1
-1,-1,-1,-1,-1,72.7918,-1,-1,-1,-1
-1,-1,52.9085,54.3288,-1,-1,-1,-1,-1,-1
-1,51.7614,-1,-1,-1,-1,121.815,-1,77.7964,-1
-1,-1,-1,77.7115,-1,-1,-1,-1,80.6113,-1
-1,-1,72.9164,-1,-1,58.1392,-1,97.6523,-1,-1
-1,-1,-1,-1,-1,20.6645,-1,10.7565,-1,100.742
-1,-1,-1,3.61973,-1,-1,-1,-1,-1,-1
-1,62.3044,60.9227,-1,33.7462,-1,123.721,54.1311,65.3626,-1
-1,-1,-1,-1,-1,51.6327,-1,-1,-1,47.2883
51.4075,-1,-1,-1,-1,-1,71.2151,-1,73.1963,-1
-1,70.2985,-1,23.7731,-1,-1,-1,-1,-1,78.9643
-1,-1,38.4911,-1,-1,-1,-1,46.6616,-1,25.0985
-1,-1,-1,-1,-1,-1,-1,-1,121.742,-1
121.536,-1,67.5823,-1,-1,-1,5.5785,-1,-1,69.6459
-1,34.0845,55.4103,-1,-1,-1,-1,-1,-1,-1
-1,-1,-1,-1,-1,67.6319,-1,75.809,86.7271,-1
-1,-1,-1,-1,70.9521,-1,-1,-1,-1,68.4177
-1,-1,32.4931,-1,24.9028,-1,-1,82.3695,63.2686,-1
-1,-1,103.802,-1,-1,-1,53.3233,-1,-1,-1
-1,-1,-1,-1,-1,-1,-1,-1,75.2955,-1
-1,46.4625,-1,55.5314,-1,-1,-1,-1,106.708,-1
59.1803,-1,-1,-1,-1,-1,-1,-1,116.222,-1
-1,-1,-1,-1,-1,73.2359,-1,-1,88.0343,-1
-1,-1,-1,35.3659,84.0073,-1,-1,-1,73.0537,-1
-1,61.1808,-1,-1,-1,-1,-1,-1,-1,-1
-1,-1,-1,-1,-1,75.0022,-1,-1,53.902,-1
63.608,-1,75.4969,-1,-1,-1,121.83,-1,-1,-1
-1,-1,-1,27.7345,-1,-1,-1,-1,-1,-1
-1,-1,85.1973,34.7304,-1,-1,-1,16.5741,-1,-1
24.7495,-1,-1,-1,-1,51.6674,116.69,-1,25.3045,-1
75.671,-1,103.998,-1,-1,-1,-1,-1,80.2288,-1
97.3171,-1,-1,-1,-1,67.4238,-1,64.1968,-1,55.6887
-1,-1,-1,-1,-1,-1,-1,-1,-1,112.836
-1,-1,-1,-1,-1,119.75,-1,-1,-1,-1
-1,-1,-1,-1,-1,-1,-1,-1,-1,-1
-1,-1,68.4239,-1,-1,75.0453,59.739,-1,-1,-1
-1,110.361,-1,-1,-1,-1,55.9103,-1,-1,-1
-1,-1,-1,-1,-1,-1,-1,115.123,123.146,-1
118.637,-1,-1,-1,25.0339,48.3267,-1,121.73,-1,-1
-1,-1,-1,-1,-1,-1,107.605,7.83703,-1,-1
66.9457,96.2028,-1,-1,57.5127,-1,-1,-1,-1,-1
-1,12.6451,-1,-1,-1,-1,-1,123.432,76.4894,42.847
80.3345,1.94492,-1,58.3791,-1,69.2935,-1,-1,121.651,-1
-1,-1,103.142,-1,-1,44.1461,-1,-1,72.2538,-1
-1,-1,-1,-1,-1,-1,55.411,67.6666,65.7295,-1
-1,66.3533,-1,-1,-1,-1,65.2413,-1,-1,-1
-1,120.863,-1,16.5696,-1,-1,-1,-1,-1,-1
81.4791,-1,-1,-1,96.5175,-1,-1,-1,73.4639,-1
-1,-1,-1,-1,-1,-1,56.4386,-1,-1,-1
-1,-1,59.1608,-1,71.7926,-1,-1,-1,-1,-1
18.9089,-1,55.1428,-1,-1,122.085,-1,83.4129,8.28413,-1
119.905,-1,-1,-1,-1,60.3913,-1,-1,73.3304,-1
121.1,-1,36.2988,-1,119.706,117.609,-1,-1,-1,-1
58.599,-1,62.8076,56.695,6.63311,-1,-1,14.852,-1,-1
-1,-1,70.2337,118.611,-1,-1,-1,-1,-1,5.2388
-1,75.3987,-1,-1,-1,-1,-1,-1,79.5902,41.4889
-1,-1,67.1897,118.128,-1,-1,109.174,-1,-1,-1
36.8954,-1,88.2818,-1,-1,9.91688,-1,-1,-1,-1
-1,89.6955,-1,47.8247,-1,-1,-1,74.9273,-1,-1
12.3435,-1,50.5169,117.728,-1,-1,-1,-1,-1,-1
44.8194,-1,68.7253,121.849,-1,-1,-1,-1,-1,-1
110.656,94.5801,-1,123.773,-1,122.347,121.276,61.8966,71.4828,51.8818
105.708,-1,63.1363,122.286,16.6999,60.1794,-1,112.598,117.965,-1
99.501,23.5768,-1,55.7772,-1,71.2255,-1,107.314,118.107,-1
-1,-1,-1,123.858,-1,-1,-1,-1,-1,-1
-1,111.347,-1,78.8757,-1,26.3157,-1,-1,-1,-1
92.3169,-1,-1,62.134,-1,-1,45.4554,-1,65.5259,106.147
118.581,82.858,61.3707,-1,-1,-1,61.8983,-1,56.9431,122.564
-1,89.3019,-1,-1,-1,123.141,-1,-1,59.1427,123.446
119.26,122.066,6.25803,-1,-1,-1,75.8362,-1,-1,59.4565
-1,-1,-1,-1,-1,-1,-1,61.2495,-1,121.671
57.1923,101.386,-1,55.4272,-1,-1,-1,48.3093,118.925,-1
56.5049,57.1388,-1,90.937,-1,-1,35.2266,-1,118.816,-1
12.3834,122.4,33.0731,-1,11.1117,41.6981,122.23,-1,-1,-1
-1,57.176,84.7641,-1,89.6463,119.976,51.4517,81.5293,20.7204,20.9322
103.584,-1,-1,69.5358,-1,123.07,66.5974,58.6039,-1,-1
123.726,-1,-1,62.0717,58.8865,-1,119.478,60.3804,-1,53.7131
119.795,81.9845,-1,110.476,-1,-1,-1,-1,-1,-1
117.519,116.646,110.773,-1,-1,-1,-1,-1,-1,85.1072
58.1451,103.462,113.166,31.2243,57.9693,-1,80.0404,55.6706,-1,58.4247
-1,-1,123.829,123.917,-1,-1,-1,38.4322,-1,-1
58.1719,104.755,85.8279,112.989,-1,-1,-1,-1,69.0671,81.3453
-1,112.718,122.688,113.553,91.5204,-1,-1,121.346,80.317,121.996
123.09,118.546,-1,122.812,-1,-1,-1,95.0124,123.881,59.7334
-1,91.5355,-1,121.442,89.958,59.4596,112.64,107.494,104.28,121.58
87.9395,-1,62.6919,112.213,104.395,-1,-1,121.09,-1,-1
123.376,-1,-1,123.913,122.342,-1,-1,-1,78.1463,-1
120.439,-1,78.996,-1,-1,122.098,-1,-1,-1,16.4147
-1,-1,100.234,122.29,114.087,123.749,118.977,-1,91.9984,-1
121.813,-1,-1,80.5811,121.715,123.845,123.446,55.25,122.232,-1
