-1,-1,30.4394,-1,-1,-1,-1,-1,-1,-1
-1,-1,44.4217,-1,-1,-1,-1,-1,-1,-1
53.1293,-1,57.9153,84.283,-1,-1,-1,57.4212,-1,-1
-1,-1,21.0756,71.2686,70.9307,-1,50.4301,65.6574,-1,36.0395
31.1183,35.5021,43.72,-1,68.7868,-1,38.4374,60.4095,-1,-1
-1,-1,-1,-1,-1,94.859,106.994,-1,-1,-1
61.8404,-1,87.5508,-1,52.6811,95.2706,-1,-1,-1,-1
-1,-1,-1,79.3469,-1,47.9167,90.0997,-1,-1,-1
92.076,99.2006,50.5663,-1,54.5585,-1,56.5068,-1,65.5054,58.255
47.8783,47.6543,70.3381,96.8678,57.7835,-1,15.6132,51.7463,-1,-1
-1,56.4168,72.2459,-1,52.2815,-1,-1,44.4863,64.9212,69.4017
-1,37.7853,58.5496,-1,-1,-1,-1,-1,38.9155,-1
58.8432,-1,57.4844,72.8938,-1,-1,-1,-1,26.6376,109.576
-1,-1,-1,-1,-1,-1,-1,-1,-1,112.408
60.2964,-1,70.0172,-1,112.271,-1,38.771,-1,-1,-1
67.4267,48.0366,50.4849,-1,96.6206,82.4622,96.5581,-1,-1,50.0239
55.5215,-1,57.4433,45.3954,-1,-1,-1,14.1253,56.7233,-1
-1,106.56,50.052,64.2186,-1,77.7632,46.2275,-1,66.164,-1
-1,-1,-1,-1,-1,-1,110.939,-1,-1,-1
57.3915,94.6681,44.4928,-1,12.3959,-1,-1,-1,-1,69.529
-1,-1,11.6749,76.5394,-1,-1,67.5866,-1,40.9397,8.24131
41.7204,-1,51.6192,-1,59.1339,-1,76.2269,50.194,83.8401,73.0973
110.169,96.3333,71.2194,59.6824,97.1275,-1,-1,-1,79.2604,64.6618
43.8355,-1,-1,42.1148,73.4014,-1,-1,61.115,64.703,47.4804
89.4561,53.7521,80.5701,54.2589,54.5446,29.6179,61.5221,112.239,-1,55.2855
98.9891,-1,-1,81.2638,104.217,-1,11.3603,42.8913,-1,55.4065
104.071,46.7736,104.414,112.594,-1,57.5845,-1,-1,47.8934,69.7718
53.1023,44.5672,50.5175,-1,58.5691,72.3129,-1,-1,62.8811,4.40768
37.5801,98.1822,71.4849,-1,-1,102.62,91.9758,-1,50.0798,10.4378
55.8284,59.7318,97.174,-1,43.7694,84.3682,9.26769,-1,44.1524,97.6461
98.1373,101.416,74.0711,-1,47.4392,52.2983,-1,-1,43.6593,65.423
-1,-1,-1,114.651,-1,-1,-1,-1,-1,-1
39.0448,27.0329,70.7658,65.8239,59.7415,41.9218,56.2217,40.9884,9.57752,85.5371
11.1619,14.1734,16.3978,118.125,92.7179,84.3477,115.009,10.7753,76.0066,116.834
-1,-1,-1,-1,-1,-1,-1,-1,-1,119.711
95.9825,60.5853,31.2231,-1,-1,62.3693,59.2375,54.923,37.1404,89.8156
49.1544,-1,-1,-1,59.6068,56.9779,104.119,71.869,47.5782,49.694
112.923,88.0138,79.0213,-1,85.0876,38.797,43.5289,57.3856,-1,49.4616
63.6221,53.2531,67.3746,47.0188,61.402,50.0432,47.471,56.4737,83.8874,-1
59.4171,59.2547,50.8729,45.0419,37.0562,83.3068,73.2382,50.5785,53.758,34.1279
57.0636,96.2865,-1,-1,-1,53.5433,47.4198,52.0799,-1,-1
69.1867,54.82,-1,42.8331,15.6385,71.2464,59.8776,44.3567,103.689,58.0389
68.1624,10.0191,58.594,47.9411,58.0928,-1,120.806,94.3614,119.701,32.0593
2.61601,68.9171,49.2542,-1,113.929,-1,48.3863,16.5399,-1,23.8997
116.2,54.241,44.3776,95.6466,-1,-1,-1,82.5462,65.9122,53.3661
69.1725,55.4947,-1,47.7176,36.4706,70.4958,94.88,117.299,-1,-1
114.153,99.3118,55.5762,-1,109.343,88.203,77.3519,71.471,-1,98.9998
48.772,4.58591,25.8515,104.61,46.8742,60.796,53.1634,56.1218,54.8277,68.4484
50.3699,110.148,45.2084,31.7461,43.9524,61.0774,50.937,-1,56.0066,60.3332
44.9384,6.06994,64.5618,53.3651,52.169,58.8349,44.0855,89.3548,67.622,49.3721
-1,43.2343,-1,110.159,40.434,51.394,113.535,61.0875,55.3953,66.0613
61.9953,52.0978,-1,61.4995,97.7481,20.2426,56.445,40.7383,49.9751,52.2872
40.3655,47.6206,-1,100.511,55.8112,64.1507,10.2971,49.2044,44.7475,52.8425
-1,-1,-1,-1,-1,-1,-1,121.435,-1,-1
78.2593,7.87918,-1,3.63827,48.0528,65.4339,-1,120.723,90.9001,51.8275
62.5735,41.4714,100.583,46.8369,23.7638,106.974,68.904,101.244,49.764,64.6489
110.902,116.007,67.3187,56.8807,20.3428,14.2968,-1,91.7317,76.3775,59.3887
-1,85.8036,37.9168,66.0401,61.7105,42.6655,110.432,114.598,78.0272,-1
47.499,99.8318,60.3512,48.0658,65.6332,-1,118.248,47.0865,62.9433,-1
-1,112.568,-1,-1,-1,-1,-1,-1,-1,-1
76.6472,-1,70.2227,81.8367,101.189,23.8396,74.8358,56.9132,32.695,71.4856
-1,64.3463,26.7534,90.8579,115.965,-1,-1,4.92222,70.2066,86.5026
97.9063,-1,-1,62.8949,89.5001,47.2286,-1,-1,67.764,74.4421
103.449,-1,8.64536,-1,39.6679,65.7661,84.5934,57.4297,61.8251,77.6944
65.7951,56.8182,62.3678,20.753,15.1225,52.6904,69.7774,-1,57.3707,46.3149
47.5417,97.8967,15.2543,23.9784,48.8076,76.8675,59.2901,47.4621,55.5918,65.6489
14.3944,63.4757,-1,9.39669,43.0647,116.837,63.9649,-1,119.027,68.4463
1.2787,103.605,-1,115.873,45.4014,77.0024,111.378,-1,72.2731,53.5398
-1,87.5469,98.5109,40.8665,66.4435,52.7825,102.357,-1,8.3723,120.298
-1,81.6064,13.1574,80.6416,57.7706,65.1428,62.6761,81.6675,47.1526,-1
104.461,6.80247,50.7375,70.469,74.2643,-1,74.0845,8.66812,92.8086,-1
5.53624,66.723,-1,87.1492,7.86013,43.6816,118.185,27.6907,42.8428,27.7254
118.55,4.68425,-1,43.5275,116.155,78.4565,101.935,10.223,97.1376,67.0432
120.448,15.7843,118.969,64.7706,86.9291,77.1738,11.2833,-1,55.4157,41.7112
120.805,64.5454,48.8843,-1,116.901,79.5293,106.419,90.4577,104.19,77.4132
80.3631,-1,89.2625,38.5243,45.0745,90.6115,62.8584,121.366,76.4729,55.3966
75.2686,8.90616,74.8385,27.4458,67.3218,41.5983,-1,22.21,110.552,85.8396
-1,52.772,106.944,-1,51.8151,9.33748,119.361,64.8344,59.6947,91.8118
47.8853,67.1114,9.93007,71.5279,32.8136,-1,-1,3.59891,67.2427,34.5886
90.938,70.7258,93.0196,85.3789,112.069,64.4757,53.4354,102.421,21.4773,46.4754
112.404,82.3607,74.9769,114.987,102.681,64.4909,3.43667,54.9599,121.283,79.1419
37.7055,95.2613,-1,114.615,94.5388,81.0261,111.431,82.4719,63.5172,76.8741
50.5805,105.375,118.607,61.2949,15.5366,115.735,116.593,121.146,-1,57.1402
52.2994,120.97,96.5175,-1,115.229,-1,-1,96.7885,108.008,104.198
91.8319,43.254,110.549,57.2135,102.848,60.7056,-1,-1,121.179,118.545
18.0442,62.0769,101.144,-1,74.4185,-1,76.8199,26.4703,110.505,56.3023
77.0047,57.4752,106.169,57.6638,-1,75.2111,50.8015,15.2424,81.6985,50.2387
111.696,27.9404,56.7273,67.2174,78.5147,14.2572,109.383,101.906,71.6204,107.298
-1,19.7165,76.3499,-1,9.5012,48.3798,112.697,120.522,-1,82.474
105.469,82.6436,64.3456,66.4363,119.568,55.6723,-1,20.9514,-1,54.7642
-1,113.139,-1,-1,-1,-1,-1,-1,-1,-1
112.169,96.2739,112.116,98.1186,39.5116,120.887,66.715,-1,119.679,-1
21.0417,110.622,8.58925,-1,121.132,3.15803,114.09,7.14045,101.022,106.602
121.486,-1,119.81,46.6867,121.415,100.412,105.347,53.8047,121.128,-1
41.6653,120.759,46.4848,-1,61.4205,121.419,-1,120.427,120.193,104.939
112.485,-1,-1,-1,-1,-1,-1,-1,-1,-1
4.27921,121.401,118.825,119.794,93.127,3.34012,63.5565,-1,-1,-1
-1,-1,112.366,-1,-1,-1,-1,-1,-1,-1
-1,121.515,-1,-1,-1,-1,-1,112.414,-1,-1
55.9224,51.4718,68.6588,51.2982,114.551,29.4856,41.8654,119.605,117.754,-1
