-1,-1,-1,-1,-1,-1,-1,-1,50.6631,71.4474,6.96408,-1,45.5218,-1,-1,-1,-1,-1,-1,53.8466
88.451,-1,-1,-1,-1,-1,-1,-1,-1,-1,-1,-1,-1,-1,-1,-1,-1,-1,-1,-1
-1,-1,-1,-1,-1,97.5019,-1,-1,-1,-1,-1,-1,-1,-1,-1,-1,-1,-1,-1,-1
-1,69.4559,-1,-1,-1,22.4546,10.9908,-1,-1,-1,4.15167,-1,-1,68.9988,69.1564,-1,-1,-1,-1,68.1723
-1,-1,-1,-1,-1,-1,46.3381,-1,-1,24.4886,-1,42.8935,-1,6.28695,-1,-1,-1,10.5828,58.8798,72.5239
-1,-1,-1,73.8392,-1,-1,-1,-1,-1,-1,-1,-1,-1,43.4193,-1,-1,-1,57.5296,-1,55.5254
-1,-1,-1,-1,-1,-1,-1,-1,-1,-1,-1,-1,-1,-1,-1,-1,-1,-1,98.6495,-1
-1,63.211,75.2505,52.7866,-1,-1,-1,-1,-1,28.6549,78.8045,-1,46.3545,-1,-1,-1,-1,32.8236,83.3831,-1
-1,-1,-1,64.985,-1,-1,49.19,58.3401,68.3135,-1,49.3636,-1,62.8251,-1,-1,-1,-1,54.9768,-1,-1
-1,55.6433,5.10263,23.3939,-1,-1,16.7732,14.6139,-1,-1,-1,-1,-1,-1,-1,-1,31.6617,12.5565,-1,-1
-1,-1,11.7426,-1,-1,72.6765,8.9921,-1,60.1193,-1,-1,71.7826,-1,-1,-1,38.6157,-1,114.897,16.3956,-1
-1,-1,-1,34.9676,45.7912,55.5874,37.1444,-1,3.80016,-1,-1,-1,-1,87.9028,-1,17.2194,110.039,-1,-1,-1
-1,-1,-1,-1,-1,-1,-1,61.5206,-1,-1,48.7199,-1,67.8017,46.9256,-1,113.363,-1,45.412,-1,-1
-1,-1,51.0814,-1,-1,-1,-1,-1,46.0286,-1,-1,-1,64.4963,-1,-1,-1,-1,-1,-1,35.9508
61.8594,46.2043,-1,-1,-1,56.2203,-1,-1,-1,-1,-1,-1,-1,-1,-1,-1,-1,-1,-1,-1
66.83,-1,62.2176,-1,69.6596,-1,30.7916,-1,-1,1.69747,43.9431,69.6411,-1,54.3525,-1,82.2064,-1,-1,71.4104,44.8706
71.6743,-1,-1,-1,-1,-1,-1,-1,62.7989,114.075,-1,-1,76.3278,-1,41.2563,-1,21.4898,-1,-1,-1
-1,42.4761,-1,-1,-1,-1,-1,-1,-1,69.2113,41.1575,35.1257,-1,-1,-1,-1,-1,-1,-1,-1
-1,-1,-1,44.206,-1,-1,-1,-1,69.0143,109.183,-1,-1,-1,-1,-1,-1,-1,-1,-1,-1
92.2533,-1,65.2892,-1,-1,60.0118,-1,18.7873,38.9395,-1,-1,-1,-1,-1,-1,53.1705,-1,-1,-1,42.532
61.3628,-1,-1,30.5663,-1,2.84526,-1,-1,1.85778,-1,55.0723,-1,-1,-1,51.4273,21.0713,47.5069,-1,-1,60.4059
-1,-1,-1,-1,-1,-1,63.7231,-1,-1,-1,59.7249,61.5172,120.76,-1,96.5096,5.35555,-1,44.8228,102.054,48.5689
-1,5.94954,-1,-1,-1,-1,-1,46.4672,-1,61.6877,55.0775,-1,-1,-1,46.9119,108.27,-1,-1,-1,27.2418
-1,88.8926,-1,-1,28.2411,-1,-1,-1,-1,-1,-1,44.7935,-1,-1,89.5069,121.255,38.2205,92.8866,83.1534,-1
-1,-1,-1,-1,-1,74.0279,-1,-1,-1,-1,55.4321,-1,20.1131,-1,-1,-1,29.9451,-1,107.594,-1
61.6898,-1,47.527,25.4883,51.931,105.186,-1,55.8441,-1,47.4601,69.8057,49.3956,-1,-1,-1,-1,-1,-1,17.9068,-1
-1,31.3278,71.9273,46.2701,-1,29.4417,-1,96.2045,66.1393,42.1477,-1,69.5204,49.4315,-1,45.4999,-1,47.3971,26.9257,111.549,60.2618
49.5767,120.075,93.8766,-1,108.909,-1,-1,51.7445,-1,-1,43.6941,8.86685,61.7572,-1,-1,50.7591,-1,-1,-1,-1
22.9195,8.58165,101.949,-1,5.46405,42.4232,-1,78.3348,-1,-1,-1,-1,56.483,38.3632,-1,-1,-1,-1,8.85832,-1
46.0646,48.573,-1,-1,-1,62.0742,-1,-1,50.4689,65.6309,-1,33.2249,-1,-1,-1,-1,-1,-1,-1,71.8748
-1,-1,-1,-1,-1,-1,-1,-1,-1,-1,123.391,-1,-1,-1,-1,-1,-1,-1,-1,-1
113.837,-1,43.7071,-1,-1,-1,-1,62.8209,99.9572,-1,36.598,27.2532,-1,-1,-1,-1,109.642,109.733,66.3858,81.2208
84.6519,96.0093,-1,73.999,38.6741,99.2716,-1,-1,110.013,56.0756,-1,-1,104.914,42.3547,-1,-1,-1,-1,11.5912,-1
64.3457,-1,64.859,-1,-1,64.5555,64.4848,-1,-1,30.3695,15.9717,-1,86.1529,-1,-1,58.0831,51.2163,86.5541,-1,-1
-1,29.9279,-1,76.557,17.1651,23.2075,-1,-1,44.0375,-1,37.0334,-1,-1,-1,-1,4.46937,-1,3.20087,-1,-1
-1,46.5901,-1,49.2855,54.8253,-1,-1,12.0206,-1,42.4394,105.189,-1,35.2686,14.143,77.42,33.5196,96.0958,107.854,-1,41.5097
58.9853,-1,47.0151,66.2467,-1,-1,-1,50.7419,-1,24.1868,-1,-1,-1,65.679,37.7893,83.2715,-1,-1,48.695,93.1218
24.6978,-1,-1,97.8218,-1,94.5752,-1,-1,85.6972,35.4989,34.6907,-1,-1,81.4781,14.0663,-1,-1,-1,115.119,11.4132
-1,97.2946,34.5414,116.788,-1,49.3863,-1,-1,-1,-1,73.6087,-1,-1,20.9571,-1,-1,59.0999,92.8743,-1,-1
47.6135,21.7271,14.8126,-1,49.0606,24.1789,-1,-1,22.2488,41.9543,7.80038,-1,62.0593,105.111,113.32,-1,-1,50.6275,51.3602,-1
67.6078,-1,-1,-1,81.4232,18.8559,-1,32.9156,-1,-1,-1,-1,-1,71.6486,-1,-1,-1,-1,31.2314,27.4262
62.837,22.6688,103.866,52.4541,111.277,-1,-1,36.2674,-1,-1,-1,-1,-1,-1,22.1012,-1,53.808,43.3033,17.3773,123.17
69.5916,24.6745,24.5931,115.613,93.3247,-1,-1,90.937,71.5968,-1,-1,-1,39.5434,-1,33.5823,46.6059,33.6007,-1,-1,13.5454
122.064,22.4735,36.1066,14.2465,84.0884,31.605,-1,53.3818,71.4501,-1,-1,-1,-1,60.9826,-1,-1,-1,-1,-1,53.5468
106.367,-1,-1,-1,16.6331,95.2395,60.7311,62.9016,16.075,-1,11.3179,46.4902,-1,58.3562,-1,41.5578,-1,-1,-1,-1
84.4005,71.214,-1,-1,91.5233,48.2335,72.3846,10.0151,-1,-1,10.0793,62.9824,-1,73.6176,-1,16.0254,-1,-1,-1,52.4426
-1,83.9,-1,15.6258,70.3294,57.531,-1,-1,-1,84.4961,56.7748,44.5417,-1,95.5174,-1,56.3424,111.093,-1,-1,-1
77.0926,-1,-1,-1,-1,-1,36.1483,60.9534,115.741,61.1813,76.0857,-1,31.3928,119.318,20.2702,114.322,39.1443,-1,-1,24.5053
-1,62.4871,-1,29.8918,75.6403,-1,-1,70.6765,-1,-1,62.9685,44.9187,112.31,25.1919,60.6262,-1,96.975,-1,39.4549,5.91793
94.1032,-1,111.077,-1,-1,66.875,-1,80.68,54.7969,91.636,16.1106,-1,58.3736,-1,41.5129,-1,-1,-1,-1,-1
-1,-1,58.3799,-1,-1,67.3636,-1,-1,-1,56.7663,-1,-1,-1,63.74,3.89129,60.2914,44.6864,-1,10.9645,-1
45.2391,-1,59.3723,20.9893,-1,-1,-1,-1,36.4118,26.1563,-1,-1,-1,80.6771,-1,12.7737,64.1652,47.9075,44.653,-1
-1,42.8324,-1,-1,-1,41.4018,-1,-1,-1,-1,-1,-1,-1,58.7376,-1,80.3405,-1,5.96961,-1,69.8054
-1,116.436,22.1052,-1,-1,-1,-1,-1,-1,-1,121.837,26.3648,-1,-1,50.5591,65.8774,91.8818,66.9216,-1,61.9683
6.87754,-1,-1,-1,-1,-1,14.8346,-1,-1,-1,-1,36.9299,87.496,14.8232,3.95007,-1,77.9423,8.53791,-1,-1
-1,-1,-1,-1,-1,-1,-1,-1,-1,-1,-1,-1,123.138,-1,-1,-1,-1,-1,-1,-1
51.2826,-1,-1,83.8539,-1,-1,34.4685,-1,56.9487,-1,-1,43.465,-1,15.1496,52.5443,47.1896,-1,48.941,-1,99.2833
-1,-1,-1,49.6224,-1,-1,-1,-1,89.5688,-1,27.3934,-1,117.093,44.12,-1,-1,-1,-1,-1,-1
20.2773,58.9412,-1,58.0016,-1,-1,76.0714,-1,82.2185,-1,64.887,60.4452,58.2132,65.9675,-1,65.7848,44.5681,-1,45.32,-1
-1,-1,-1,-1,-1,81.5149,-1,62.9254,41.7937,-1,94.1346,-1,-1,-1,-1,-1,59.7596,-1,51.2036,44.2589
-1,66.6783,42.6979,-1,73.9279,61.0226,-1,-1,54.4236,32.7304,-1,-1,-1,-1,-1,-1,-1,67.4708,59.9096,48.4682
-1,-1,51.1294,-1,123.271,49.9399,-1,-1,2.66758,-1,-1,-1,41.245,-1,90.3925,55.0983,7.18927,82.2109,-1,67.7585
123.059,-1,15.7241,-1,-1,-1,-1,-1,68.1422,55.8155,57.4557,-1,-1,-1,96.2324,-1,67.8507,67.9517,57.5794,60.1779
66.1873,-1,120.966,-1,107.485,-1,27.9189,-1,-1,117.646,60.319,-1,65.4988,87.5477,44.6101,-1,72.9915,-1,-1,-1
-1,48.9009,-1,-1,-1,-1,18.8632,-1,-1,84.9249,13.3214,-1,-1,15.0728,77.0406,-1,54.6455,-1,-1,52.1668
47.9972,-1,61.3468,-1,-1,-1,-1,-1,57.6119,-1,32.7935,-1,51.5067,109.882,-1,-1,25.1518,-1,55.4252,-1
-1,-1,-1,30.5537,-1,88.9846,-1,41.2341,-1,65.6602,-1,-1,23.0455,19.4059,75.2897,-1,-1,-1,-1,-1
8.50462,-1,-1,-1,58.87,48.6803,77.5302,43.3887,-1,-1,34.4645,47.2778,47.6417,11.2349,52.3069,-1,-1,66.5149,75.2281,11.074
56.3501,-1,-1,-1,51.0227,-1,15.5256,-1,-1,-1,55.5401,88.7681,61.8969,-1,-1,-1,-1,89.3611,19.498,68.8295
-1,-1,-1,54.6948,70.6116,-1,62.927,-1,27.9584,-1,-1,34.1754,21.1519,-1,-1,-1,29.543,50.7918,-1,-1
88.4214,69.9382,-1,113.97,86.3288,57.5511,6.04973,-1,42.7292,-1,68.5595,62.9268,120.39,-1,64.7842,-1,-1,-1,71.8643,-1
5.97416,-1,73.4097,-1,44.0452,-1,-1,-1,46.8143,-1,107.304,14.4766,-1,-1,46.3586,11.3619,-1,-1,120.467,-1
64.7097,-1,110.591,-1,-1,87.4429,-1,-1,-1,-1,-1,40.9489,74.9987,-1,-1,18.2085,-1,-1,-1,51.6149
65.3891,16.2306,58.3613,12.2359,-1,-1,-1,-1,-1,-1,37.8418,-1,68.1353,-1,13.73,-1,-1,56.2698,-1,93.6264
42.1676,10.805,-1,11.5046,-1,41.6726,-1,-1,74.5607,-1,81.1697,55.5631,21.4559,44.5176,-1,-1,76.9875,82.3363,-1,30.3383
90.1485,-1,8.80699,121.916,-1,-1,59.8604,68.5971,8.0496,124.48,71.4803,-1,52.4137,-1,63.9944,-1,-1,94.907,-1,20.53
-1,57.9493,3.08661,20.6872,17.2702,53.7469,-1,40.8004,-1,-1,-1,45.4901,46.3307,41.5174,-1,-1,-1,100,96.3549,-1
85.2516,61.741,34.765,118.486,-1,-1,54.2926,-1,103.794,-1,-1,3.16633,65.8783,-1,63.6909,34.1365,97.3175,66.1349,-1,74.8389
89.7984,-1,-1,19.444,45.6689,-1,43.3022,39.828,-1,66.7291,-1,66.962,12.747,-1,47.8832,-1,17.5832,-1,96.6179,-1
-1,3.65303,43.2774,102.654,121.664,-1,-1,-1,-1,-1,-1,-1,-1,-1,25.9063,11.6254,112.961,6.74582,3.39973,6.62796
-1,92.733,-1,72.2636,54.7543,-1,-1,-1,6.02547,26.7741,62.0102,-1,-1,-1,63.0714,1.33885,7.49724,-1,-1,86.7222
-1,94.8102,-1,58.7758,-1,89.4566,-1,-1,124.438,18.3073,108.201,-1,65.947,21.717,-1,65.5337,40.4706,62.119,56.4144,13.1146
-1,-1,45.8975,-1,60.3061,-1,-1,12.4351,91.6601,-1,121.634,69.6109,32.2096,86.2512,-1,2.44616,-1,-1,71.8027,61.0965
-1,-1,-1,-1,58.4965,-1,82.0774,68.4882,83.4393,-1,31.1767,-1,-1,16.8692,32.453,119.75,-1,77.1924,-1,58.9709
-1,-1,57.2511,62.3805,103.167,-1,55.1518,-1,115.93,-1,-1,-1,91.0596,-1,82.4456,-1,-1,48.8183,66.7123,-1
-1,79.1529,24.802,58.9341,79.2191,-1,74.9793,52.2716,65.8925,-1,61.1125,-1,-1,-1,-1,45.037,68.6118,77.4695,60.8274,105.232
45.4947,-1,-1,64.0218,96.942,-1,108.548,-1,-1,46.5609,9.64641,-1,44.635,12.1847,-1,-1,-1,22.0096,79.5231,-1
41.0539,75.2444,117.98,61.3611,-1,-1,97.3252,-1,46.0695,-1,43.2638,120.543,103.853,38.2539,-1,93.6635,70.3379,111.591,-1,100.187
-1,63.4163,-1,15.7653,66.1142,-1,-1,47.5579,108.271,84.5233,-1,66.5687,-1,80.0698,-1,63.9877,-1,-1,-1,-1
19.413,111.214,42.348,-1,-1,45.6809,-1,-1,-1,-1,80.0223,40.9141,98.5639,-1,-1,93.92,41.3827,44.2573,-1,120.271
14.8349,-1,26.9468,-1,-1,-1,20.864,48.291,-1,-1,-1,-1,54.4983,-1,61.9277,-1,-1,-1,-1,-1
65.9404,-1,61.9602,-1,50,-1,-1,-1,78.4432,-1,13.0608,38.0937,19.0152,-1,-1,-1,-1,11.7475,35.0666,-1
89.4162,58.376,-1,-1,58.5523,-1,-1,30.7198,-1,-1,114.81,55.3716,62.1587,-1,51.1943,42.8209,64.8309,-1,-1,-1
43.1334,45.4909,30.4549,13.6661,-1,-1,22.2294,49.3806,15.7169,49.8401,15.6425,39.7253,112.312,95.2762,44.3808,-1,-1,-1,-1,-1
97.8274,51.8647,21.4002,32.2657,-1,-1,14.3089,-1,97.4509,-1,13.1246,58.5775,13.4107,-1,-1,-1,-1,55.9498,67.1385,-1
116.357,9.87377,-1,55.6019,78.0699,-1,63.7183,53.1167,56.0944,-1,-1,-1,-1,52.631,-1,45.2433,-1,28.7742,62.7917,-1
71.0739,105.528,-1,27.8576,-1,-1,84.0742,-1,18.2803,24.8088,-1,18.7767,-1,-1,-1,67.1684,48.7876,73.2525,-1,-1
74.3437,94.3795,-1,72.47,68.3058,101.274,94.1388,-1,57.4427,93.1883,24.3067,59.4407,-1,-1,70.9356,-1,-1,35.2417,49.8994,-1
-1,-1,65.495,-1,-1,11.032,62.7943,-1,59.3332,82.2441,-1,-1,-1,-1,-1,-1,64.6546,-1,-1,-1
-1,-1,42.247,67.6485,-1,60.8859,-1,75.0687,-1,-1,84.6207,-1,-1,-1,-1,62.2471,-1,-1,7.30993,-1
-1,76.5155,-1,112.237,-1,49.3886,-1,37.6393,-1,6.80629,13.2049,31.9619,57.1293,89.7049,43.0525,88.3691,-1,-1,7.02951,-1
-1,26.2503,51.8746,95.8199,54.7356,-1,58.1228,113.76,49.2102,-1,-1,-1,-1,-1,-1,65.9096,50.3815,-1,-1,-1
-1,107.469,121.688,19.2745,-1,-1,-1,45.0309,75.9538,35.8852,89.949,-1,-1,27.7291,-1,84.0465,124.179,-1,80.2218,-1
51.3555,-1,19.154,-1,-1,-1,-1,-1,33.5456,-1,50.3716,41.8532,-1,72.9255,-1,68.8786,-1,10.7604,60.9256,29.2133
107.914,79.0007,103.82,-1,52.419,97.2538,27.1242,49.7282,99.7135,-1,58.0452,-1,-1,16.5865,41.077,-1,-1,-1,114.133,61.916
108.9,-1,91.9613,-1,-1,25.5143,-1,-1,78.896,48.4214,50.1657,48.5624,-1,88.2353,67.7177,47.9819,100.459,58.4611,-1,-1
11.479,-1,110.72,71.3243,61.8716,32.47,47.1778,-1,-1,-1,112.777,-1,-1,109.404,-1,77.2789,15.5461,-1,-1,35.2416
-1,-1,8.85965,-1,19.875,24.3777,-1,52.8695,-1,64.4548,57.2032,95.8724,-1,7.19679,-1,-1,38.1009,-1,33.4573,108.613
21.2646,-1,-1,46.3497,-1,47.9306,38.9869,3.41402,-1,-1,59.6083,51.052,89.9005,65.0243,-1,-1,66.3382,-1,-1,122.634
-1,-1,-1,-1,111.23,29.1889,-1,-1,-1,57.8491,57.2852,-1,-1,63.3323,-1,-1,117.418,75.922,-1,99.7934
-1,-1,-1,64.0636,7.02243,-1,40.0765,-1,-1,69.8487,95.9739,19.2793,-1,82.7696,55.6528,25.3444,121.037,47.1007,-1,106.78
-1,115.364,54.3717,81.5624,42.2732,-1,-1,6.37977,-1,72.1715,109.845,23.3846,76.5262,-1,54.1515,-1,20.3259,-1,53.2746,17.2751
58.5159,21.4649,-1,74.9188,-1,-1,32.2989,121.436,-1,-1,1.79309,20.492,65.0221,45.1503,-1,43.3039,-1,43.3776,-1,55.7565
100.911,106.666,30.2174,102.024,-1,-1,-1,53.1127,-1,-1,-1,106.925,-1,-1,114.361,-1,67.9642,65.2782,57.0746,82.3894
106.864,55.1028,-1,11.8437,-1,-1,83.6037,-1,-1,-1,-1,98.5195,64.4642,61.3722,18.2091,124.38,13.41,-1,84.4359,118.064
14.8447,21.8112,98.1802,41.3917,68.2444,60.8225,42.6774,53.2704,-1,-1,-1,64.0606,39.7249,-1,-1,119.672,-1,-1,59.639,-1
49.6653,114.262,124.409,61.5314,67.1612,-1,64.3803,116.791,32.6206,-1,86.6699,-1,-1,92.2978,87.2031,87.4175,-1,18.2108,-1,67.6162
79.83,83.9429,-1,62.8298,-1,-1,13.6575,91.8603,83.4506,109.221,-1,-1,-1,-1,61.736,-1,66.0857,-1,-1,53.507
20.6008,34.2026,49.0855,-1,41.6024,-1,-1,81.0588,-1,75.764,-1,-1,-1,74.5541,-1,-1,95.2487,81.2181,7.90917,52.0784
51.049,66.9265,97.4505,-1,48.469,-1,-1,65.8641,77.2027,75.044,60.2881,-1,30.7829,118.504,-1,-1,-1,95.5457,48.0127,111.941
67.1269,112.212,66.2102,46.2288,32.6442,-1,-1,85.8104,22.8712,53.2959,36.6416,56.627,-1,-1,52.2796,-1,-1,119.884,58.6264,103.789
59.8296,64.6413,-1,-1,52.1288,96.24,-1,-1,38.821,76.2501,104.986,87.1073,50.6791,-1,53.2735,50.7111,-1,69.8892,63.5348,11.1801
-1,106.19,-1,115.026,68.9557,-1,117.975,87.607,-1,61.1233,123.105,-1,-1,-1,-1,89.9617,-1,47.545,97.1746,85.5441
13.5324,-1,72.8042,73.55,70.3996,73.3559,66.876,58.7638,58.4831,17.5296,19.9836,-1,92.0149,51.7791,-1,-1,-1,-1,10.7367,115.297
9.67618,-1,-1,14.5022,95.5512,60.6762,-1,85.7835,97.658,121.535,-1,-1,105.414,96.7825,-1,46.0796,102.276,49.9939,-1,-1
28.2985,33.523,41.3777,-1,2.20696,47.6835,114.04,17.9858,105.78,22.8537,-1,-1,71.6267,58.2061,-1,70.5024,88.7294,124.329,-1,-1
103.474,77.1279,46.1164,71.594,48.8831,87.2176,-1,-1,35.7368,-1,-1,59.4344,-1,-1,12.9081,94.7792,65.0866,-1,-1,-1
-1,12.1201,60.0627,50.757,-1,93.7004,27.2274,8.0619,25.3224,102.707,22.234,110.283,49.3512,-1,29.9161,38.3761,93.887,-1,-1,-1
-1,19.5048,-1,62.8113,73.9625,17.0455,43.3851,-1,109.976,-1,75.4883,37.9807,62.6048,-1,63.62,25.0025,31.6004,27.2372,-1,85.0145
-1,42.8364,-1,-1,-1,123.811,61.7124,43.501,14.4515,59.8859,109.363,18.4392,23.2542,65.7988,84.6669,65.7865,61.7353,-1,58.2013,-1
-1,81.6471,38.6979,49.6559,59.9448,93.9029,77.0654,-1,68.7402,-1,11.3331,104.123,17.4522,18.0728,57.6015,117.679,15.4641,35.1239,94.965,34.292
-1,67.708,74.9082,110.193,-1,119.747,43.9665,122.5,-1,72.9821,-1,13.4317,62.5927,62.5621,78.0961,121.764,113.905,78.2274,40.175,24.4213
47.1182,-1,-1,123.998,65.5406,20.0502,98.5112,-1,59.0952,-1,64.0498,46.4689,114.402,91.2557,95.5744,106.635,73.2818,15.0445,65.058,106.864
11.9027,56.2822,-1,112.116,84.3651,78.6278,-1,-1,-1,-1,-1,64.3279,76.9499,116.055,56.6254,10.185,-1,71.3706,39.1494,-1
115.902,111.404,-1,-1,-1,111.117,103.511,83.196,43.5548,-1,-1,-1,18.5337,72.5695,109.681,76.0782,98.1921,59.5425,34.0578,54.9423
18.5222,-1,-1,-1,-1,90.3567,-1,-1,64.2305,57.605,-1,-1,67.8331,76.2059,19.9448,-1,5.16035,-1,118.689,-1
-1,-1,-1,66.6122,-1,76.6563,-1,-1,121.786,24.0477,-1,-1,55.7402,20.5283,-1,-1,54.0007,43.7902,87.1667,53.2575
-1,96.5133,7.85456,97.5011,-1,-1,38.5089,100.055,67.6214,-1,76.429,-1,-1,-1,15.4457,51.6618,-1,-1,84.5423,5.47306
72.7458,-1,62.5985,-1,121.547,-1,56.58,46.3349,47.0657,-1,-1,13.6718,67.8108,-1,-1,61.3938,-1,67.6512,-1,21.6425
65.5417,60.9092,12.8292,37.999,-1,-1,21.7295,72.7932,-1,49.8807,28.4998,24.263,54.0382,-1,-1,63.8754,59.374,-1,43.5783,120.386
51.7808,-1,-1,-1,55.9698,59.5238,-1,-1,-1,-1,-1,-1,-1,-1,-1,62.0545,82.8079,119.626,5.38696,61.412
20.3444,18.2891,-1,24.4069,-1,-1,46.8952,35.9834,67.4357,49.3119,18.4734,-1,-1,65.7106,-1,118.864,29.3357,-1,74.4353,26.7559
119.49,88.6186,61.1415,91.6592,-1,40.0506,34.6519,113.802,-1,33.2166,75.378,77.5306,-1,110.408,-1,54.2795,-1,44.1448,54.7135,109.272
53.2601,23.1826,-1,122.942,104.039,50.1608,54.7604,7.95286,93.633,74.0076,54.6281,59.9374,35.4145,-1,27.9245,112.904,-1,88.225,101.324,62.7742
110.952,114.437,65.5118,-1,79.1441,20.8665,-1,44.4585,16.44,112.628,-1,-1,124.427,-1,32.3083,-1,-1,42.7666,-1,-1
20.3601,117.194,11.2348,62.4097,115.817,37.0551,122.01,93.9787,28.9311,-1,86.6935,71.4216,124.324,-1,119.431,69.0845,65.9646,61.8217,4.81093,65.9712
52.7722,51.9166,-1,-1,48.9031,76.444,-1,25.0742,105.191,3.44884,101.446,-1,74.8265,-1,-1,-1,58.5318,61.9643,-1,19.9472
21.7231,3.7218,121.224,49.5877,-1,23.4681,-1,-1,38.1854,107.548,113.329,-1,105.2,72.8351,108.16,62.5461,-1,-1,34.1088,103.582
76.2533,88.481,-1,81.5465,-1,90.5053,-1,-1,15.0899,106.508,54.7104,37.226,122.523,-1,81.4213,-1,-1,113.117,112.011,65.7553
91.065,18.2992,-1,34.4596,21.8796,105.009,43.3969,87.8032,107.637,-1,70.6885,-1,74.1246,-1,107.125,-1,113.032,-1,-1,65.8417
61.4275,66.2751,64.4001,77.1284,-1,-1,-1,-1,76.2337,-1,-1,90.6515,61.8575,45.7571,102.836,116.337,-1,40.099,-1,38.3965
54.6584,14.6074,27.8023,84.8664,-1,14.8528,13.2576,68.3563,118.034,-1,51.3405,16.9848,116.551,103.133,-1,115.202,-1,14.939,66.6074,101.147
60.5782,40.4668,-1,101.13,-1,76.1486,73.2534,60.4351,-1,-1,-1,76.9901,-1,107.217,29.9611,116.93,-1,-1,39.5957,12.6722
-1,-1,-1,79.3646,41.6408,56.4313,27.8371,123.251,-1,49.0297,-1,19.1974,42.459,-1,-1,9.08417,87.1829,-1,102.789,91.4426
-1,117.961,-1,110.86,2.50631,78.3175,-1,115.908,67.7444,-1,-1,-1,65.9739,-1,-1,62.949,20.206,-1,-1,-1
-1,124.158,2.54478,110.312,-1,16.2602,100.82,113.44,-1,108.991,46.9404,54.088,12.0637,-1,-1,-1,-1,52.5138,-1,122.705
70.2594,58.301,45.0722,68.0279,124.229,-1,118.24,67.59,-1,-1,96.0248,61.3694,67.0658,-1,-1,63.7958,124.374,-1,62.3223,-1
77.7004,67.3441,-1,-1,115.16,55.8099,-1,-1,80.1581,-1,-1,-1,96.8441,-1,-1,-1,63.3458,69.4864,52.7163,61.0506
69.8288,-1,99.3738,68.1153,-1,-1,37.896,-1,-1,96.9086,4.1075,5.29771,20.8602,-1,-1,-1,15.0219,-1,78.3341,-1
106.424,48.7332,-1,-1,-1,-1,32.7137,-1,-1,-1,-1,-1,63.7996,69.0477,54.5871,59.6558,-1,114.718,93.9759,95.4042
60.043,-1,99.9544,101.223,43.5787,90.1458,57.1756,114.054,2.184,66.8452,104.467,95.941,71.5833,40.6232,61.0698,-1,77.9641,61.4191,83.1844,113.151
68.7102,10.3406,-1,68.3445,-1,114.537,63.2988,-1,-1,-1,124.47,-1,51.5488,59.0069,-1,72.4732,67.1205,-1,-1,-1
-1,121.817,44.3007,2.62267,-1,97.4122,63.5429,-1,124.453,-1,-1,5.79031,-1,93.4277,-1,-1,33.775,-1,62.2316,-1
7.87823,71.5695,-1,54.7864,-1,59.2375,73.173,-1,-1,-1,102.858,123.387,112.413,84.5332,-1,-1,26.0923,120.371,-1,34.6814
-1,38.2027,-1,71.0517,14.551,-1,-1,42.6027,110.2,42.1451,-1,56.6167,-1,-1,85.0651,117.517,9.67667,53.4461,28.854,26.7666
86.3435,61.3916,24.9332,32.3096,-1,59.5054,35.0958,78.3461,-1,-1,-1,66.2795,59.9085,-1,31.4048,90.7665,61.7116,64.4251,74.7799,59.834
95.0424,-1,-1,99.1262,84.3669,80.4099,-1,18.4088,23.7741,71.1505,38.9135,65.0223,108.045,-1,43.1299,39.0721,56.9773,-1,108.199,92.1676
-1,95.1955,65.3944,-1,124.488,23.1414,-1,76.2167,67.0026,-1,32.4115,13.6403,9.64512,-1,9.09206,-1,85.5416,-1,-1,76.8567
-1,49.8587,2.75979,-1,71.2976,73.1068,-1,62.3297,-1,-1,58.1596,69.4303,102.339,-1,43.7501,67.4758,72.3446,-1,-1,-1
91.2995,-1,64.942,43.8684,76.8344,58.5988,44.8158,65.7079,-1,39.6833,79.3973,123.856,-1,52.4027,61.0311,60.8716,44.152,120.955,-1,67.6979
63.0145,-1,85.0734,63.7386,83.5941,75.7336,11.036,64.9161,60.9922,-1,-1,-1,-1,-1,79.6917,73.1163,77.4299,67.7103,-1,107.765
62.4193,44.179,63.8587,-1,109.051,79.0838,-1,63.225,-1,97.4942,51.7374,63.4455,50.9038,66.6846,23.4753,-1,121.78,92.3753,42.0374,56.4962
8.92451,-1,83.8768,-1,19.8616,108.012,-1,-1,-1,-1,64.5069,-1,89.1197,101.359,34.7537,-1,90.0159,57.156,58.1762,-1
-1,-1,18.9394,-1,-1,65.0645,110.286,-1,-1,46.8219,46.0732,63.8437,67.4671,-1,68.8474,-1,-1,4.384,70.4183,83.4422
59.1848,65.1025,-1,43.6292,118.514,110.532,71.2559,75.5289,-1,75.3245,22.9306,-1,-1,-1,-1,31.9297,63.9576,82.7423,56.304,111.772
77.2811,10.1522,-1,-1,51.5769,-1,40.3227,83.4949,108.733,-1,67.1295,20.0305,-1,53.7369,59.1956,94.11,48.6229,60.0543,5.7284,-1
109.413,67.5957,-1,-1,-1,62.748,110.994,118.05,-1,84.8667,96.4418,30.6858,66.7618,-1,109.845,57.0372,15.8458,-1,85.3289,-1
117.871,-1,-1,75.429,-1,119.625,-1,-1,-1,46.3778,68.1234,116.678,109.255,-1,-1,106.961,-1,97.2444,66.9882,-1
19.4942,-1,80.0812,98.0805,80.5659,108.304,29.0585,55.8871,109.997,29.9337,87.4188,78.2746,-1,78.2574,-1,17.9681,-1,-1,-1,119.092
71.1644,74.8432,113.127,22.5755,-1,68.2636,-1,-1,19.389,63.5468,69.355,-1,-1,-1,-1,68.4743,-1,23.3003,94.5938,115.663
-1,-1,-1,76.0023,48.4727,-1,65.4712,97.2738,68.5531,119.791,-1,62.2692,54.4076,74.7223,-1,59.3737,47.0156,18.7559,80.2129,19.9223
-1,-1,62.997,95.4809,5.2971,-1,37.4148,90.1218,67.2285,69.5185,55.6307,79.9596,101.406,121.166,81.6717,-1,72.9728,88.4719,-1,-1
-1,-1,79.1842,64.9174,-1,92.8856,109.484,73.032,121.208,97.2883,-1,-1,109.94,49.6367,-1,62.9087,80.7418,32.8755,79.0107,60.8471
56.8114,-1,-1,-1,37.0057,-1,108.668,65.2177,8.47956,122.673,6.26068,52.7671,-1,86.2586,67.462,3.21328,63.1274,117.519,-1,-1
-1,-1,-1,96.5272,63.035,108.96,-1,43.3631,48.3693,119.905,-1,124.018,-1,75.9116,-1,84.1077,63.3985,120.318,-1,52.981
-1,-1,-1,-1,117.147,17.0275,48.7609,-1,-1,113.937,-1,-1,40.874,17.9312,119.168,-1,-1,113.448,-1,124.179
-1,-1,62.0376,35.6502,114.388,56.0238,9.73584,-1,96.3307,124.317,-1,103.628,121.543,62.6932,106.785,63.2925,102.139,-1,-1,19.9876
44.4773,29.4968,-1,62.7945,62.95,76.5912,90.9742,-1,113.736,97.1002,-1,-1,121.097,118.147,19.7206,-1,88.4659,63.915,-1,4.74077
-1,-1,-1,88.7574,-1,-1,46.2585,64.7112,-1,116.508,-1,-1,118.781,75.1769,-1,-1,118.322,109.453,-1,62.211
-1,-1,71.124,40.5744,60.712,66.7363,-1,72.4673,104.766,-1,-1,-1,68.6189,115.183,-1,55.5009,-1,77.9479,112.916,111.477
51.0312,91.5718,16.2129,80.5608,-1,-1,44.8724,-1,-1,-1,61.9921,-1,60.2127,-1,116.924,118.353,-1,91.2765,28.7426,72.6897
104.088,124.396,-1,108.2,-1,99.8098,61.652,38.4533,71.1636,-1,46.5514,-1,110.916,64.0559,-1,-1,65.2628,124.343,124.502,3.24586
82.9376,-1,96.863,115.135,61.1079,85.0676,105.061,96.8526,-1,-1,36.0669,-1,123.807,-1,-1,44.6233,-1,-1,-1,92.7528
112.275,-1,97.8651,96.807,-1,57.7451,-1,-1,105.75,118.724,-1,-1,114.748,-1,96.5621,-1,49.8811,65.6846,117.841,-1
101.683,117.148,-1,116.007,-1,14.8155,58.6328,82.905,49.3414,64.9827,117.717,117.825,-1,75.148,111.037,63.5436,61.7117,59.9188,58.9698,-1
-1,81.8592,29.6759,-1,40.0252,26.5497,18.5884,-1,10.4062,-1,104.368,10.9161,-1,-1,-1,5.74763,-1,21.2139,120.793,18.6057
-1,-1,13.9534,-1,30.308,118.417,-1,18.2201,-1,-1,111.277,83.9746,64.6588,-1,93.0972,-1,-1,61.0016,-1,-1
51.4481,-1,-1,-1,89.5184,60.8418,-1,-1,-1,-1,-1,95.9467,21.2619,39.836,11.8123,63.4986,-1,-1,-1,97.2441
71.4479,-1,-1,72.7049,124.309,41.5806,123.908,-1,11.866,-1,114.926,56.5918,-1,-1,66.8913,-1,123.838,61.7228,-1,68.7596
46.2063,123.845,62.6017,63.0967,58.3329,15.7998,40.8741,57.3339,71.7339,29.9263,112.576,8.86698,77.9761,43.2438,-1,123.954,100.882,105.072,84.0005,64.044
75.7463,59.7086,-1,111.117,56.2997,80.8939,-1,-1,114.293,-1,62.7498,94.7589,-1,96.7285,43.0233,87.0847,60.8107,90.6617,-1,81.6174
119.144,124.486,47.7765,123.271,102.166,61.6222,99.8065,52.1115,60.6035,93.8659,-1,-1,95.2461,15.1043,-1,15.8564,54.5808,4.568,83.9447,3.6152
58.8983,115.027,116.98,-1,65.2139,-1,-1,-1,58.8833,3.32403,64.0308,46.8377,-1,91.2904,-1,56.3279,64.2312,69.2678,-1,59.4787
100.922,66.4871,119.819,-1,-1,100.61,-1,69.2565,107.072,-1,-1,98.725,97.2851,-1,-1,-1,-1,70.9781,101.582,68.412
75.0291,56.9488,102.107,122.838,81.5022,113.701,-1,-1,-1,-1,-1,112.296,124.279,102.264,104.315,40.7808,81.8795,62.8813,122.716,97.6504
-1,75.7039,71.4666,-1,62.879,114.735,82.6086,61.0954,103.946,-1,119.754,57.8442,-1,120.568,87.6175,-1,62.2931,122.952,-1,-1
97.3514,-1,63.0462,90.4096,121.87,65.0119,117.95,65.4233,120.592,-1,-1,121.685,-1,-1,-1,68.8432,92.8941,-1,65.677,99.5686
66.4303,-1,-1,69.548,119.063,-1,123.71,-1,117.878,-1,-1,-1,-1,58.0615,110.266,-1,116.991,108.614,-1,85.6263
108.754,-1,95.0503,-1,122.201,39.7121,70.3862,10.099,59.9368,103.553,56.3113,-1,93.6221,97.4435,107.674,85.9431,-1,65.274,-1,121.535
23.9089,37.0434,27.9737,-1,46.8586,124.029,61.4247,33.5452,-1,113.961,108.193,61.5572,18.7527,-1,65.2289,-1,79.1804,-1,56.0369,70.5082
44.6485,110.674,83.6472,44.0989,76.9093,57.8916,123.705,114.791,65.5663,-1,119.771,17.1622,60.9619,40.7228,57.3898,66.6384,28.648,67.7262,-1,-1
-1,114.506,65.3402,104.255,64.2668,-1,-1,59.1069,13.0551,114.53,58.4382,110.62,-1,-1,58.9276,-1,-1,6.50319,66.3271,105.009
43.7905,-1,62.7859,114.344,70.2462,79.5934,-1,-1,109.118,85.8147,-1,112.224,-1,36.7909,-1,103.584,-1,-1,-1,105.841
97.2735,42.8599,23.4451,73.6021,24.629,-1,110.71,89.2288,76.4396,66.6341,61.2509,89.15,-1,62.3266,59.4559,-1,115.563,67.2822,-1,112.619
98.0964,12.4318,-1,83.0885,-1,34.2388,71.3555,123.725,115.901,63.0119,120.608,-1,78.622,22.2697,119.31,5.90648,118.053,65.6711,61.1385,91.6227
106.586,13.2569,122.393,122.52,68.6033,56.2059,-1,9.59151,-1,102.356,109.982,-1,111.767,69.0215,62.2773,36.7725,-1,-1,63.1229,-1
-1,73.8942,123.593,68.7841,10.9426,72.8832,87.3155,66.0191,99.8649,114.452,120.026,-1,-1,98.604,123.983,81.2053,-1,-1,-1,82.713
6.4704,120.338,123.59,121.723,-1,-1,88.6612,85.125,62.562,61.2783,67.4928,113.041,-1,57.8366,-1,-1,64.4417,77.6697,-1,75.4951
-1,10.0973,118.255,121.592,-1,-1,90.8659,67.158,-1,62.6336,96.273,41.4006,78.4863,45.0459,-1,63.9842,111.226,-1,88.5212,118.803
124.469,-1,16.6626,73.4916,36.4295,61.642,111.612,108.498,13.5127,14.2317,-1,12.6913,-1,-1,-1,36.1921,112.016,-1,116.21,121.911
115.753,68.3536,98.0993,121.325,-1,-1,124.236,-1,-1,-1,44.3608,100.246,53.1905,-1,94.7581,-1,-1,78.2979,-1,99.1669
-1,110.574,112.11,-1,-1,-1,67.5115,114.339,100.518,2.67164,104.041,115.467,-1,25.4587,-1,63.383,63.1184,111.748,61.1141,112.051
62.5504,68.6007,-1,-1,80.915,-1,-1,117.537,-1,-1,14.9925,73.8574,82.0366,124.071,42.1685,118.854,124.437,-1,72.5198,-1
-1,88.7042,-1,124.531,-1,97.5234,41.3269,61.9506,-1,-1,85.5582,-1,57.6383,-1,-1,62.7587,85.8557,82.3462,124.305,122.988
-1,2.9557,119.721,117.813,111.825,119.475,-1,-1,1.75594,97.8417,74.9024,94.5026,-1,57.1678,76.1897,60.5145,121.473,117.835,100.369,105.809
70.6655,-1,-1,124.536,18.5012,14.3238,117.923,60.5979,-1,124.237,64.2169,-1,-1,-1,115.184,47.618,124.488,30.4488,-1,119.831
124.523,60.1961,-1,15.8939,94.6096,87.4546,-1,97.1426,107.102,97.7834,67.8202,61.6171,-1,68.4846,124.539,-1,118.166,12.4482,-1,-1
77.4044,-1,-1,-1,124.495,124.513,46.5712,-1,124.125,-1,-1,-1,11.996,-1,-1,105.858,75.4926,114.559,26.1408,52.6777
59.5322,53.1111,-1,103.633,-1,89.5151,-1,-1,27.247,35.19,121.374,82.7802,-1,-1,22.3303,124.128,108.497,-1,69.6845,-1
117.595,14.1738,54.4267,124.291,70.7686,-1,-1,24.9544,92.2564,122.893,118.56,101.607,-1,123.822,115.853,-1,107.475,62.9881,-1,83.8171
-1,94.5519,108.042,-1,-1,108.411,-1,-1,122.722,-1,122.77,96.5465,48.7236,-1,-1,76.9507,120.905,124.536,52.3378,-1
24.1766,124.13,122.595,-1,-1,-1,77.6716,6.36603,117.066,124.535,117.82,123.955,-1,116.658,-1,115.485,7.76358,-1,111.833,52.3965
-1,-1,-1,64.9203,116.651,66.0561,118.237,-1,-1,117.449,122.14,-1,93.0309,95.1442,104.997,-1,117.739,56.9315,27.8511,124.497
95.9677,22.9282,-1,-1,-1,56.8392,123.041,-1,-1,-1,-1,77.7105,26.0009,120.9,16.8058,120.692,-1,-1,65.4984,5.16903
94.2981,-1,78.1233,116.047,79.761,112.062,124.159,64.2511,-1,124.513,111.671,-1,115.203,124.507,124.245,124.122,9.57558,93.2056,119.909,42.8721
-1,15.5256,123.825,-1,-1,-1,92.4827,124.265,-1,115,117.925,64.8122,-1,102.628,-1,121.056,65.9151,88.9392,119.832,124.535
112.475,-1,124.445,90.1548,-1,110.583,62.944,-1,98.1803,-1,94.1665,65.9454,-1,114.842,74.3122,124.029,-1,-1,-1,-1
77.8113,124.28,-1,111.187,118.254,-1,116.397,117.592,-1,-1,-1,-1,37.4826,68.9074,124.082,111.911,80.8352,124.175,58.8997,61.2451
120.978,-1,55.7813,123.418,103.164,121.277,-1,17.1124,-1,94.8723,11.355,121.654,104.494,99.4383,95.4633,-1,119.387,123.063,106.334,-1
-1,77.57,-1,121.977,123.476,123.878,102.805,-1,-1,-1,46.007,124.506,-1,-1,-1,123.861,20.3984,-1,73.4589,-1
123.89,-1,121.952,69.2679,112.597,117.505,122.865,48.9976,55.5298,-1,115.727,124.32,8.11394,94.7805,93.7111,124.506,124.536,115.701,84.4955,78.6499
124.042,-1,-1,-1,113.776,123.31,121.003,112.292,-1,-1,8.93431,7.99099,-1,124.263,120.799,15.8339,-1,97.7602,18.1558,-1
-1,-1,39.8952,113.136,-1,117.401,117.965,124.434,50.7557,-1,96.8612,-1,-1,-1,124.538,31.0956,87.9684,110.034,64.6161,120.797
-1,97.0398,113.707,-1,96.2585,-1,-1,123.606,123.22,-1,124.538,117.213,95.9085,115.387,123.125,-1,1.7075,10.4434,119.299,5.46728
60.456,-1,122.023,38.7644,-1,51.1456,-1,-1,119.553,24.1207,-1,119.74,120.335,112.328,-1,-1,105.523,-1,112.45,-1
122.452,-1,-1,79.1673,91.0928,9.59453,72.5785,119.234,-1,-1,-1,122.784,15.312,117.729,57.5679,-1,-1,103.034,124.113,117.012
121.178,-1,-1,6.98519,-1,123.168,123.919,123.804,29.7777,-1,123.025,113.305,32.375,17.104,-1,121.277,106.566,124.538,19.8345,122.245
124.525,123.445,-1,-1,106.526,124.442,122.037,-1,-1,124.319,-1,120.522,113.204,119.476,-1,-1,-1,122.268,-1,70.1041
18.5536,-1,-1,28.9384,-1,124.538,124.259,-1,-1,122.895,122.847,-1,43.7932,124.5,122.398,124.376,114.014,123.357,-1,58.4781
-1,83.7115,124.445,124.107,38.0818,124.528,124.087,124.303,-1,19.8215,124.31,124.537,121.31,124.537,25.7013,123.728,21.1079,124.185,65.25,124.523
