-1,-1,-1,-1,-1,-1,-1,-1,-1,-1,-1,-1,-1,-1,-1,-1,-1,56.5081,-1,-1
-1,-1,-1,-1,74.0344,-1,-1,-1,-1,-1,-1,70.8512,-1,-1,-1,-1,-1,-1,-1,-1
-1,-1,-1,55.5091,-1,41.3243,26.1038,-1,-1,57.9964,-1,-1,-1,-1,-1,61.8076,-1,67.9606,-1,-1
-1,-1,-1,-1,-1,-1,-1,-1,78.8054,-1,-1,-1,113.8,-1,-1,-1,77.9077,88.761,-1,-1
-1,34.6651,51.5247,64.0428,-1,-1,14.3788,-1,38.9375,45.5193,41.8337,63.0281,-1,-1,-1,-1,-1,27.1104,-1,-1
59.9621,-1,42.0164,-1,46.6706,57.6364,-1,-1,56.999,46.829,-1,63.1044,57.0211,-1,-1,-1,-1,109.746,113.88,-1
-1,93.8806,-1,-1,-1,62.3796,46.603,-1,47.1761,30.6893,-1,61.447,-1,-1,-1,-1,-1,58.4725,45.8567,42.7864
-1,70.7437,31.9855,66.0043,-1,65.8755,52.5245,-1,61.6211,-1,-1,57.2186,-1,-1,-1,5.83332,-1,-1,39.2768,-1
-1,57.2706,-1,-1,-1,-1,-1,-1,47.5667,117.109,54.9836,-1,80.0751,-1,-1,47.3559,-1,70.5675,-1,-1
-1,26.2083,51.6257,-1,-1,-1,42.0607,57.7749,107.372,-1,-1,-1,-1,-1,-1,58.9621,-1,109.31,19.3105,-1
64.0204,-1,-1,-1,-1,45.2489,-1,43.4947,89.6612,52.9747,-1,-1,70.5085,-1,-1,68.0663,-1,-1,110.7,-1
-1,-1,116.607,-1,-1,-1,-1,-1,117.789,-1,-1,-1,-1,-1,-1,-1,-1,-1,-1,-1
-1,20.1931,-1,-1,-1,102.453,-1,-1,40.1963,51.1511,-1,-1,47.9629,-1,-1,-1,-1,39.9297,35.6145,-1
50.2538,-1,-1,-1,47.4958,44.5099,74.0174,-1,-1,-1,-1,-1,-1,13.9637,-1,56.6107,-1,63.3792,-1,102.609
-1,-1,80.8007,-1,-1,-1,53.9134,-1,-1,-1,79.6534,2.47095,53.1596,-1,-1,47.0877,-1,50.2635,-1,47.1897
-1,88.1076,-1,-1,-1,42.4086,26.2425,56.4279,-1,14.7108,-1,-1,-1,56.3055,52.1239,11.821,-1,-1,45.9699,57.7883
-1,114.179,-1,-1,-1,83.2184,-1,57.0343,-1,-1,38.9693,111.03,-1,-1,-1,55.599,-1,-1,-1,-1
8.38781,68.2816,44.2888,-1,-1,-1,-1,-1,11.2903,-1,-1,110.725,-1,59.3688,-1,65.9295,56.2006,-1,51.3014,-1
-1,71.0932,25.3765,-1,-1,77.9402,-1,-1,-1,-1,-1,26.1327,-1,47.0684,-1,95.1572,111.824,-1,-1,-1
-1,-1,110.222,-1,48.7929,51.1543,-1,118.314,-1,-1,-1,87.7842,56.4366,-1,49.0928,45.1054,56.3441,55.3584,-1,-1
64.9638,-1,-1,-1,-1,-1,-1,-1,46.7238,109.424,-1,-1,-1,19.8411,55.4976,-1,-1,87.9754,-1,-1
-1,23.946,63.7769,76.4269,60.9996,-1,-1,66.1017,50.8176,8.59525,63.2817,-1,-1,-1,119.156,-1,10.4662,-1,76.905,-1
-1,19.4935,-1,3.56678,62.2517,-1,-1,55.0543,69.1849,-1,41.8433,-1,-1,-1,6.61905,49.5759,81.3935,-1,-1,-1
79.8603,49.7377,55.163,59.7282,25.0775,46.5016,-1,103.97,41.4919,-1,-1,-1,99.369,-1,51.1685,37.5499,71.6558,-1,-1,-1
-1,56.1523,-1,-1,-1,28.3311,-1,85.003,-1,62.6179,64.9424,45.078,113.837,-1,70.658,-1,-1,-1,44.4274,-1
51.1295,-1,-1,-1,-1,-1,84.1411,-1,105.786,-1,-1,-1,-1,-1,-1,14.308,54.6301,37.488,-1,20.7533
77.4103,56.409,-1,-1,-1,-1,-1,-1,7.21162,-1,-1,-1,-1,-1,13.1556,90.2304,40.7199,118.696,69.5326,-1
43.9433,50.1095,-1,69.0379,-1,57.404,-1,-1,-1,-1,41.0728,51.7133,-1,-1,-1,48.3395,76.2274,35.9922,-1,48.8426
-1,-1,-1,51.7772,42.146,94.5797,-1,-1,-1,46.7124,-1,84.5222,-1,74.0143,14.6052,59.1941,-1,80.4574,-1,92.7994
-1,67.1982,-1,72.3946,-1,114.357,-1,33.2156,65.5384,50.5026,-1,39.7114,119.427,61.2307,-1,-1,47.3027,-1,-1,-1
-1,90.3967,91.8633,36.229,-1,19.7061,-1,-1,-1,-1,-1,85.5137,90.7118,-1,41.6147,-1,61.1585,57.7756,-1,-1
78.9234,107.593,-1,38.8466,-1,-1,118.788,81.0654,-1,62.1245,-1,-1,63.5232,44.8128,-1,-1,-1,-1,-1,-1
-1,-1,-1,-1,-1,-1,-1,-1,-1,106.356,-1,-1,-1,-1,-1,-1,-1,-1,-1,-1
-1,-1,60.921,71.1528,-1,-1,-1,-1,-1,61.682,-1,-1,68.9642,-1,61.046,75.6525,-1,-1,79.1113,80.6225
62.132,-1,57.4002,80.4262,-1,113.296,-1,73.23,-1,103.117,-1,49.3191,-1,24.1908,-1,80.9755,47.8014,46.3335,109.262,35.8085
41.7724,-1,-1,71.9621,12.8247,-1,-1,64.4287,56.82,66.8372,-1,-1,67.7137,45.8548,-1,111.714,58.3115,-1,48.2983,-1
63.0476,49.7732,-1,35.8531,48.4976,-1,-1,-1,116.56,69.1682,71.6684,-1,66.0657,119.207,119.506,64.9653,-1,96.1345,51.7548,-1
88.2019,75.3519,-1,57.2561,7.52852,121.116,-1,44.334,6.11899,115.547,29.9716,-1,24.2156,33.0792,36.0308,-1,-1,72.709,76.7569,53.1334
-1,89.6357,-1,-1,6.10922,117.621,-1,-1,-1,97.2697,-1,-1,-1,42.0244,66.8627,60.9,-1,-1,53.9323,43.5713
-1,48.8624,70.598,-1,73.3423,-1,66.8479,42.6532,-1,-1,-1,-1,-1,-1,57.801,-1,-1,-1,109.968,-1
-1,-1,-1,-1,114.975,-1,87.1608,82.3741,47.5691,-1,19.8827,53.5676,-1,-1,-1,-1,-1,70.1235,20.9414,-1
54.2613,57.9549,-1,-1,-1,-1,106.051,-1,121.522,-1,-1,-1,-1,56.4743,-1,-1,-1,62.5804,120.916,114.287
-1,-1,-1,-1,-1,39.3963,-1,-1,56.0092,-1,92.3089,-1,-1,40.1573,18.8468,121.385,27.9692,99.2138,-1,38.9055
27.6612,115.035,-1,41.1419,62.8307,-1,-1,-1,-1,72.7778,63.6582,74.056,-1,37.4713,-1,110.156,35.9179,-1,55.8577,97.9098
-1,-1,105.156,97.9771,81.2667,-1,-1,-1,21.2269,109.511,121.699,63.8621,3.03038,-1,115.825,76.9513,-1,102.46,117.277,-1
121.435,-1,25.138,120.896,64.2903,-1,75.0449,-1,92.2714,84.8925,50.7341,85.0335,54.8748,63.168,-1,112.276,-1,99.8973,104.884,105.311
112.808,88.0201,74.6259,42.287,73.8145,-1,-1,117.135,-1,68.585,121.576,87.5857,-1,61.4178,45.9292,-1,58.3004,92.4478,-1,-1
-1,-1,90.8792,-1,105.211,-1,-1,119.251,-1,113.446,121.386,-1,-1,-1,-1,90.8468,115.224,118.739,114.726,-1
48.2097,113.057,84.536,59.4768,-1,43.0935,-1,-1,-1,-1,35.7704,62.2686,64.2301,44.4717,63.6928,18.8094,116.357,111.587,-1,57.0699
86.5344,51.9828,121.174,121.718,-1,-1,-1,114.613,118.556,57.7319,-1,114.269,-1,-1,-1,51.3863,118.638,-1,44.5556,-1
